# This file was generated by Animated Java via MC-Build. It is not recommended to edit this file directly.
$data merge entity $(bone2) {transformation: [-1f,0f,0f,0f,0f,0.9089f,-0.4171f,2.2846f,0f,-0.4171f,-0.9089f,-0.93f,0f,0f,0f,1f],start_interpolation: 0,interpolation_duration: 1}
$data merge entity $(bone3) {transformation: [-1f,0f,0f,0f,0f,0.8848f,0.466f,2.0034f,0f,0.466f,-0.8848f,-0.9376f,0f,0f,0f,1f],start_interpolation: 0,interpolation_duration: 1}
$data merge entity $(bone1) {transformation: [-1f,0f,0f,0f,0f,0.9996f,0.0273f,2.0088f,0f,0.0273f,-0.9996f,-1.1329f,0f,0f,0f,1f],start_interpolation: 0,interpolation_duration: 1}
$data merge entity $(bone) {transformation: [-1f,0f,0f,0f,0f,0.9537f,-0.3007f,1.2958f,0f,-0.3007f,-0.9537f,-0.8999f,0f,0f,0f,1f],start_interpolation: 0,interpolation_duration: 1}
$data merge entity $(bone4) {transformation: [-1f,0f,0f,0f,0f,0.7129f,-0.7013f,0.828f,0f,-0.7013f,-0.7129f,-0.4397f,0f,0f,0f,1f],start_interpolation: 0,interpolation_duration: 1}
$data merge entity $(root) {transformation: [-1f,0f,0f,0f,0f,0.8832f,-0.469f,0f,0f,-0.469f,-0.8832f,0f,0f,0f,0f,1f],start_interpolation: 0,interpolation_duration: 1}
data modify storage animated_java:temp entry.data merge value {"cameras":{},"locators":{"entity_hitbox":{"px":0,"py":0,"pz":0,"ry":0,"rx":-27.96875},"locator":{"px":0,"py":2.1704155909,"pz":-0.1828116113,"ry":0,"rx":1.5625}}}
# Data Manager: Write
function animated_java:global/data_manager/write with storage animated_java:temp args