# This file was generated by Animated Java via MC-Build. It is not recommended to edit this file directly.
$data merge entity $(bone2) {transformation: [-1f,0f,0f,0f,0f,0.8989f,-0.4381f,2.2899f,0f,-0.4381f,-0.8989f,-0.9279f,0f,0f,0f,1f],start_interpolation: 0,interpolation_duration: 1}
$data merge entity $(bone3) {transformation: [-1f,0f,0f,0f,0f,0.8777f,0.4793f,2.0087f,0f,0.4793f,-0.8777f,-0.9344f,0f,0f,0f,1f],start_interpolation: 0,interpolation_duration: 1}
$data merge entity $(bone1) {transformation: [-1f,0f,0f,0f,0f,0.9997f,0.0232f,2.0133f,0f,0.0232f,-0.9997f,-1.1297f,0f,0f,0f,1f],start_interpolation: 0,interpolation_duration: 1}
$data merge entity $(bone) {transformation: [-1f,0f,0f,0f,0f,0.9512f,-0.3085f,1.3022f,0f,-0.3085f,-0.9512f,-0.8909f,0f,0f,0f,1f],start_interpolation: 0,interpolation_duration: 1}
$data merge entity $(bone4) {transformation: [-1f,0f,0f,0f,0f,0.7183f,-0.6957f,0.8308f,0f,-0.6957f,-0.7183f,-0.4343f,0f,0f,0f,1f],start_interpolation: 0,interpolation_duration: 1}
$data merge entity $(root) {transformation: [-1f,0f,0f,0f,0f,0.8862f,-0.4633f,0f,0f,-0.4633f,-0.8862f,0f,0f,0f,0f,1f],start_interpolation: 0,interpolation_duration: 1}
data modify storage animated_java:temp entry.data merge value {"cameras":{},"locators":{"entity_hitbox":{"px":0,"py":0,"pz":0,"ry":0,"rx":-27.59765625},"locator":{"px":0,"py":2.1787949576,"pz":-0.1802516974,"ry":0,"rx":1.328125}}}
# Data Manager: Write
function animated_java:global/data_manager/write with storage animated_java:temp args