# This file was generated by Animated Java via MC-Build. It is not recommended to edit this file directly.
$data merge entity $(bone2) {transformation: [-1f,0f,0f,0f,0f,0.9834f,-0.1816f,2.518f,0f,-0.1816f,-0.9834f,0.5653f,0f,0f,0f,1f],start_interpolation: 0,interpolation_duration: 1}
$data merge entity $(bone3) {transformation: [-1f,0f,0f,0f,0f,0.8885f,0.4589f,2.2398f,0f,0.4589f,-0.8885f,0.5241f,0f,0f,0f,1f],start_interpolation: 0,interpolation_duration: 1}
$data merge entity $(bone1) {transformation: [-1f,0f,0f,0f,0f,0.9892f,0.1465f,2.2684f,0f,0.1465f,-0.9892f,0.3309f,0f,0f,0f,1f],start_interpolation: 0,interpolation_duration: 1}
$data merge entity $(bone) {transformation: [-1f,0f,0f,0f,0f,0.8965f,0.443f,1.5925f,0f,0.443f,-0.8965f,0.0056f,0f,0f,0f,1f],start_interpolation: 0,interpolation_duration: 1}
$data merge entity $(bone4) {transformation: [-1f,0f,0f,0f,0f,0.9987f,0.0501f,0.9371f,0f,0.0501f,-0.9987f,-0.0273f,0f,0f,0f,1f],start_interpolation: 0,interpolation_duration: 1}
$data merge entity $(root) {transformation: [-1f,0f,0f,0f,0f,0.9996f,-0.0291f,0f,0f,-0.0291f,-0.9996f,0f,0f,0f,0f,1f],start_interpolation: 0,interpolation_duration: 1}
data modify storage animated_java:temp entry.data merge value {"cameras":{},"locators":{"entity_hitbox":{"px":0,"py":0,"pz":0,"ry":0,"rx":-1.6666666667},"locator":{"px":0,"py":2.3153361936,"pz":1.2934350475,"ry":0,"rx":8.4259259259}}}
# Data Manager: Write
function animated_java:global/data_manager/write with storage animated_java:temp args