# This file was generated by Animated Java via MC-Build. It is not recommended to edit this file directly.
$data merge entity $(bone2) {transformation: [-1f,0f,0f,0f,0f,0.9745f,0.2243f,1.6466f,0f,0.2243f,-0.9745f,1.9344f,0f,0f,0f,1f],start_interpolation: 0,interpolation_duration: 1}
$data merge entity $(bone3) {transformation: [-1f,0f,0f,0f,0f,0.9419f,0.3359f,1.3766f,0f,0.3359f,-0.9419f,1.8555f,0f,0f,0f,1f],start_interpolation: 0,interpolation_duration: 1}
$data merge entity $(bone1) {transformation: [-1f,0f,0f,0f,0f,0.9598f,0.2806f,1.4314f,0f,0.2806f,-0.9598f,1.668f,0f,0f,0f,1f],start_interpolation: 0,interpolation_duration: 1}
$data merge entity $(bone) {transformation: [-1f,0f,0f,0f,0f,0.2619f,0.9651f,1.2274f,0f,0.9651f,-0.2619f,0.9462f,0f,0f,0f,1f],start_interpolation: 0,interpolation_duration: 1}
$data merge entity $(bone4) {transformation: [-1f,0f,0f,0f,0f,0.5907f,0.8069f,0.8398f,0f,0.8069f,-0.5907f,0.4167f,0f,0f,0f,1f],start_interpolation: 0,interpolation_duration: 1}
$data merge entity $(root) {transformation: [-1f,0f,0f,0f,0f,0.8958f,0.4445f,0f,0f,0.4445f,-0.8958f,0f,0f,0f,0f,1f],start_interpolation: 0,interpolation_duration: 1}
data modify storage animated_java:temp entry.data merge value {"cameras":{},"locators":{"entity_hitbox":{"px":0,"py":0,"pz":0,"ry":0,"rx":26.3888888889},"locator":{"px":0,"py":1.3461318366,"pz":2.6279383109,"ry":0,"rx":16.2962962963}}}
# Data Manager: Write
function animated_java:global/data_manager/write with storage animated_java:temp args