# This file was generated by Animated Java via MC-Build. It is not recommended to edit this file directly.
$data merge entity $(bone2) {transformation: [-1f,0f,0f,0f,0f,0.887f,0.4617f,0.8518f,0f,0.4617f,-0.887f,2.3037f,0f,0f,0f,1f],start_interpolation: 0,interpolation_duration: 1}
$data merge entity $(bone3) {transformation: [-1f,0f,0f,0f,0f,0.9763f,0.2164f,0.5875f,0f,0.2164f,-0.9763f,2.2075f,0f,0f,0f,1f],start_interpolation: 0,interpolation_duration: 1}
$data merge entity $(bone1) {transformation: [-1f,0f,0f,0f,0f,0.9397f,0.342f,0.6543f,0f,0.342f,-0.9397f,2.024f,0f,0f,0f,1f],start_interpolation: 0,interpolation_duration: 1}
$data merge entity $(bone) {transformation: [-1f,0f,0f,0f,0f,-0.1736f,0.9848f,0.7769f,0f,0.9848f,0.1736f,1.284f,0f,0f,0f,1f],start_interpolation: 0,interpolation_duration: 1}
$data merge entity $(bone4) {transformation: [-1f,0f,0f,0f,0f,0.1305f,0.9914f,0.6912f,0f,0.9914f,-0.1305f,0.6334f,0f,0f,0f,1f],start_interpolation: 0,interpolation_duration: 1}
$data merge entity $(root) {transformation: [-1f,0f,0f,0f,0f,0.7373f,0.6756f,0f,0f,0.6756f,-0.7373f,0f,0f,0f,0f,1f],start_interpolation: 0,interpolation_duration: 1}
execute unless entity @s[tag=aj.transforms_only] positioned ^0 ^0.507189243 ^2.9763955606 rotated ~0 ~20 run function aj:entity_crown_piranha/animations/attack/zzz/frames/15_locator_locator
data modify storage animated_java:temp entry.data merge value {"cameras":{},"locators":{"entity_hitbox":{"px":0,"py":0,"pz":0,"ry":0,"rx":42.5},"locator":{"px":0,"py":0.507189243,"pz":2.9763955606,"ry":0,"rx":20}}}
# Data Manager: Write
function animated_java:global/data_manager/write with storage animated_java:temp args
execute unless entity @s[tag=aj.transforms_only] at @s run function aj:entity_crown_piranha/animations/attack/zzz/frames/15_root_function