# This file was generated by Animated Java via MC-Build. It is not recommended to edit this file directly.
$data merge entity $(bone2) {transformation: [-1f,0f,0f,0f,0f,0.8853f,0.465f,0.8515f,0f,0.465f,-0.8853f,2.3073f,0f,0f,0f,1f],start_interpolation: 0,interpolation_duration: 1}
$data merge entity $(bone3) {transformation: [-1f,0f,0f,0f,0f,0.9784f,0.2068f,0.5869f,0f,0.2068f,-0.9784f,2.2119f,0f,0f,0f,1f],start_interpolation: 0,interpolation_duration: 1}
$data merge entity $(bone1) {transformation: [-1f,0f,0f,0f,0f,0.9407f,0.3391f,0.6532f,0f,0.3391f,-0.9407f,2.0282f,0f,0f,0f,1f],start_interpolation: 0,interpolation_duration: 1}
$data merge entity $(bone) {transformation: [-1f,0f,0f,0f,0f,-0.1671f,0.9859f,0.7708f,0f,0.9859f,0.1671f,1.2874f,0f,0f,0f,1f],start_interpolation: 0,interpolation_duration: 1}
$data merge entity $(bone4) {transformation: [-1f,0f,0f,0f,0f,0.1255f,0.9921f,0.6884f,0f,0.9921f,-0.1255f,0.6364f,0f,0f,0f,1f],start_interpolation: 0,interpolation_duration: 1}
$data merge entity $(root) {transformation: [-1f,0f,0f,0f,0f,0.7343f,0.6788f,0f,0f,0.6788f,-0.7343f,0f,0f,0f,0f,1f],start_interpolation: 0,interpolation_duration: 1}
data modify storage animated_java:temp entry.data merge value {"cameras":{},"locators":{"entity_hitbox":{"px":0,"py":0,"pz":0,"ry":0,"rx":42.75},"locator":{"px":0,"py":0.509002423,"pz":2.9810793242,"ry":0,"rx":19.82234375}}}
# Data Manager: Write
function animated_java:global/data_manager/write with storage animated_java:temp args