# This file was generated by Animated Java via MC-Build. It is not recommended to edit this file directly.
$data merge entity $(bone2) {transformation: [-1f,0f,0f,0f,0f,0.8861f,0.4635f,0.8866f,0f,0.4635f,-0.8861f,2.3036f,0f,0f,0f,1f],start_interpolation: 0,interpolation_duration: 1}
$data merge entity $(bone3) {transformation: [-1f,0f,0f,0f,0f,0.9808f,0.195f,0.6214f,0f,0.195f,-0.9808f,2.21f,0f,0f,0f,1f],start_interpolation: 0,interpolation_duration: 1}
$data merge entity $(bone1) {transformation: [-1f,0f,0f,0f,0f,0.9431f,0.3326f,0.6864f,0f,0.3326f,-0.9431f,2.0258f,0f,0f,0f,1f],start_interpolation: 0,interpolation_duration: 1}
$data merge entity $(bone) {transformation: [-1f,0f,0f,0f,0f,-0.1401f,0.9901f,0.7837f,0f,0.9901f,0.1401f,1.2821f,0f,0f,0f,1f],start_interpolation: 0,interpolation_duration: 1}
$data merge entity $(bone4) {transformation: [-1f,0f,0f,0f,0f,0.1395f,0.9902f,0.6922f,0f,0.9902f,-0.1395f,0.6323f,0f,0f,0f,1f],start_interpolation: 0,interpolation_duration: 1}
$data merge entity $(root) {transformation: [-1f,0f,0f,0f,0f,0.7383f,0.6745f,0f,0f,0.6745f,-0.7383f,0f,0f,0f,0f,1f],start_interpolation: 0,interpolation_duration: 1}
data modify storage animated_java:temp entry.data merge value {"cameras":{},"locators":{"entity_hitbox":{"px":0,"py":0,"pz":0,"ry":0,"rx":42.4125},"locator":{"px":0,"py":0.5487593466,"pz":2.9796853469,"ry":0,"rx":19.42875}}}
# Data Manager: Write
function animated_java:global/data_manager/write with storage animated_java:temp args