# This file was generated by Animated Java via MC-Build. It is not recommended to edit this file directly.
$data merge entity $(bone2) {transformation: [-1f,0f,0f,0f,0f,0.8891f,0.4578f,0.9537f,0f,0.4578f,-0.8891f,2.2914f,0f,0f,0f,1f],start_interpolation: 0,interpolation_duration: 1}
$data merge entity $(bone3) {transformation: [-1f,0f,0f,0f,0f,0.9835f,0.1812f,0.6875f,0f,0.1812f,-0.9835f,2.2006f,0f,0f,0f,1f],start_interpolation: 0,interpolation_duration: 1}
$data merge entity $(bone1) {transformation: [-1f,0f,0f,0f,0f,0.9464f,0.3229f,0.7506f,0f,0.3229f,-0.9464f,2.0157f,0f,0f,0f,1f],start_interpolation: 0,interpolation_duration: 1}
$data merge entity $(bone) {transformation: [-1f,0f,0f,0f,0f,-0.0945f,0.9955f,0.8137f,0f,0.9955f,0.0945f,1.2684f,0f,0f,0f,1f],start_interpolation: 0,interpolation_duration: 1}
$data merge entity $(bone4) {transformation: [-1f,0f,0f,0f,0f,0.1707f,0.9853f,0.7017f,0f,0.9853f,-0.1707f,0.6217f,0f,0f,0f,1f],start_interpolation: 0,interpolation_duration: 1}
$data merge entity $(root) {transformation: [-1f,0f,0f,0f,0f,0.7484f,0.6632f,0f,0f,0.6632f,-0.7484f,0f,0f,0f,0f,1f],start_interpolation: 0,interpolation_duration: 1}
data modify storage animated_java:temp entry.data merge value {"cameras":{},"locators":{"entity_hitbox":{"px":0,"py":0,"pz":0,"ry":0,"rx":41.54375},"locator":{"px":0,"py":0.6227392037,"pz":2.9709590621,"ry":0,"rx":18.84078125}}}
# Data Manager: Write
function animated_java:global/data_manager/write with storage animated_java:temp args