# This file was generated by Animated Java via MC-Build. It is not recommended to edit this file directly.
$data merge entity $(bone2) {transformation: [-1f,0f,0f,0f,0f,0.894f,0.4481f,1.0488f,0f,0.4481f,-0.894f,2.2686f,0f,0f,0f,1f],start_interpolation: 0,interpolation_duration: 1}
$data merge entity $(bone3) {transformation: [-1f,0f,0f,0f,0f,0.9862f,0.1657f,0.7814f,0f,0.1657f,-0.9862f,2.1813f,0f,0f,0f,1f],start_interpolation: 0,interpolation_duration: 1}
$data merge entity $(bone1) {transformation: [-1f,0f,0f,0f,0f,0.9506f,0.3103f,0.842f,0f,0.3103f,-0.9506f,1.9956f,0f,0f,0f,1f],start_interpolation: 0,interpolation_duration: 1}
$data merge entity $(bone) {transformation: [-1f,0f,0f,0f,0f,-0.0321f,0.9995f,0.8583f,0f,0.9995f,0.0321f,1.2458f,0f,0f,0f,1f],start_interpolation: 0,interpolation_duration: 1}
$data merge entity $(bone4) {transformation: [-1f,0f,0f,0f,0f,0.2168f,0.9762f,0.7161f,0f,0.9762f,-0.2168f,0.6051f,0f,0f,0f,1f],start_interpolation: 0,interpolation_duration: 1}
$data merge entity $(root) {transformation: [-1f,0f,0f,0f,0f,0.7638f,0.6455f,0f,0f,0.6455f,-0.7638f,0f,0f,0f,0f,1f],start_interpolation: 0,interpolation_duration: 1}
data modify storage animated_java:temp entry.data merge value {"cameras":{},"locators":{"entity_hitbox":{"px":0,"py":0,"pz":0,"ry":0,"rx":40.2},"locator":{"px":0,"py":0.7269171375,"pz":2.9524515285,"ry":0,"rx":18.08}}}
# Data Manager: Write
function animated_java:global/data_manager/write with storage animated_java:temp args