# This file was generated by Animated Java via MC-Build. It is not recommended to edit this file directly.
$data merge entity $(bone2) {transformation: [-1f,0f,0f,0f,0f,0.9984f,-0.056f,2.6145f,0f,-0.056f,-0.9984f,0.0075f,0f,0f,0f,1f],start_interpolation: 0,interpolation_duration: 1}
$data merge entity $(bone3) {transformation: [-1f,0f,0f,0f,0f,0.9973f,0.0736f,2.3332f,0f,0.0736f,-0.9973f,0.005f,0f,0f,0f,1f],start_interpolation: 0,interpolation_duration: 1}
$data merge entity $(bone1) {transformation: [-1f,0f,0f,0f,0f,1f,0.0089f,2.335f,0f,0.0089f,-1f,-0.1903f,0f,0f,0f,1f],start_interpolation: 0,interpolation_duration: 1}
$data merge entity $(bone) {transformation: [-1f,0f,0f,0f,0f,0.9994f,-0.0354f,1.5857f,0f,-0.0354f,-0.9994f,-0.1559f,0f,0f,0f,1f],start_interpolation: 0,interpolation_duration: 1}
$data merge entity $(bone4) {transformation: [-1f,0f,0f,0f,0f,0.9923f,-0.1238f,0.9345f,0f,-0.1238f,-0.9923f,-0.0747f,0f,0f,0f,1f],start_interpolation: 0,interpolation_duration: 1}
$data merge entity $(root) {transformation: [-1f,0f,0f,0f,0f,0.9968f,-0.0797f,0f,0f,-0.0797f,-0.9968f,0f,0f,0f,0f,1f],start_interpolation: 0,interpolation_duration: 1}
data modify storage animated_java:temp entry.data merge value {"cameras":{},"locators":{"entity_hitbox":{"px":0,"py":0,"pz":0,"ry":0,"rx":-4.5703125},"locator":{"px":0,"py":2.5140898604,"pz":0.7566238315,"ry":0,"rx":0.5078125}}}
# Data Manager: Write
function animated_java:global/data_manager/write with storage animated_java:temp args