# This file was generated by Animated Java via MC-Build. It is not recommended to edit this file directly.
$data merge entity $(bone2) {transformation: [-1f,0f,0f,0f,0f,0.9005f,0.435f,1.1678f,0f,0.435f,-0.9005f,2.2322f,0f,0f,0f,1f],start_interpolation: 0,interpolation_duration: 1}
$data merge entity $(bone3) {transformation: [-1f,0f,0f,0f,0f,0.9889f,0.1487f,0.8991f,0f,0.1487f,-0.9889f,2.1491f,0f,0f,0f,1f],start_interpolation: 0,interpolation_duration: 1}
$data merge entity $(bone1) {transformation: [-1f,0f,0f,0f,0f,0.9554f,0.2952f,0.9567f,0f,0.2952f,-0.9554f,1.9625f,0f,0f,0f,1f],start_interpolation: 0,interpolation_duration: 1}
$data merge entity $(bone) {transformation: [-1f,0f,0f,0f,0f,0.045f,0.999f,0.9152f,0f,0.999f,-0.045f,1.2136f,0f,0f,0f,1f],start_interpolation: 0,interpolation_duration: 1}
$data merge entity $(bone4) {transformation: [-1f,0f,0f,0f,0f,0.2756f,0.9613f,0.7343f,0f,0.9613f,-0.2756f,0.5828f,0f,0f,0f,1f],start_interpolation: 0,interpolation_duration: 1}
$data merge entity $(root) {transformation: [-1f,0f,0f,0f,0f,0.7833f,0.6217f,0f,0f,0.6217f,-0.7833f,0f,0f,0f,0f,1f],start_interpolation: 0,interpolation_duration: 1}
data modify storage animated_java:temp entry.data merge value {"cameras":{},"locators":{"entity_hitbox":{"px":0,"py":0,"pz":0,"ry":0,"rx":38.4375},"locator":{"px":0,"py":0.856829929,"pz":2.9210740925,"ry":0,"rx":17.16796875}}}
# Data Manager: Write
function animated_java:global/data_manager/write with storage animated_java:temp args