# This file was generated by Animated Java via MC-Build. It is not recommended to edit this file directly.
$data merge entity $(bone2) {transformation: [-1f,0f,0f,0f,0f,0.9082f,0.4186f,1.3058f,0f,0.4186f,-0.9082f,2.1792f,0f,0f,0f,1f],start_interpolation: 0,interpolation_duration: 1}
$data merge entity $(bone3) {transformation: [-1f,0f,0f,0f,0f,0.9914f,0.1307f,1.0357f,0f,0.1307f,-0.9914f,2.1011f,0f,0f,0f,1f],start_interpolation: 0,interpolation_duration: 1}
$data merge entity $(bone1) {transformation: [-1f,0f,0f,0f,0f,0.9607f,0.2778f,1.0899f,0f,0.2778f,-0.9607f,1.9134f,0f,0f,0f,1f],start_interpolation: 0,interpolation_duration: 1}
$data merge entity $(bone) {transformation: [-1f,0f,0f,0f,0f,0.1342f,0.9909f,0.9815f,0f,0.9909f,-0.1342f,1.1713f,0f,0f,0f,1f],start_interpolation: 0,interpolation_duration: 1}
$data merge entity $(bone4) {transformation: [-1f,0f,0f,0f,0f,0.3445f,0.9388f,0.7554f,0f,0.9388f,-0.3445f,0.5552f,0f,0f,0f,1f],start_interpolation: 0,interpolation_duration: 1}
$data merge entity $(root) {transformation: [-1f,0f,0f,0f,0f,0.8058f,0.5922f,0f,0f,0.5922f,-0.8058f,0f,0f,0f,0f,1f],start_interpolation: 0,interpolation_duration: 1}
data modify storage animated_java:temp entry.data merge value {"cameras":{},"locators":{"entity_hitbox":{"px":0,"py":0,"pz":0,"ry":0,"rx":36.3125},"locator":{"px":0,"py":1.0074705516,"pz":2.8736230554,"ry":0,"rx":16.12625}}}
# Data Manager: Write
function animated_java:global/data_manager/write with storage animated_java:temp args