# This file was generated by Animated Java via MC-Build. It is not recommended to edit this file directly.
$data merge entity $(bone2) {transformation: [-1f,0f,0f,0f,0f,0.9168f,0.3993f,1.4576f,0f,0.3993f,-0.9168f,2.107f,0f,0f,0f,1f],start_interpolation: 0,interpolation_duration: 1}
$data merge entity $(bone3) {transformation: [-1f,0f,0f,0f,0f,0.9937f,0.1118f,1.1859f,0f,0.1118f,-0.9937f,2.0343f,0f,0f,0f,1f],start_interpolation: 0,interpolation_duration: 1}
$data merge entity $(bone1) {transformation: [-1f,0f,0f,0f,0f,0.966f,0.2584f,1.2364f,0f,0.2584f,-0.966f,1.8456f,0f,0f,0f,1f],start_interpolation: 0,interpolation_duration: 1}
$data merge entity $(bone) {transformation: [-1f,0f,0f,0f,0f,0.2327f,0.9726f,1.0543f,0f,0.9726f,-0.2327f,1.118f,0f,0f,0f,1f],start_interpolation: 0,interpolation_duration: 1}
$data merge entity $(bone4) {transformation: [-1f,0f,0f,0f,0f,0.4206f,0.9072f,0.7783f,0f,0.9072f,-0.4206f,0.5226f,0f,0f,0f,1f],start_interpolation: 0,interpolation_duration: 1}
$data merge entity $(root) {transformation: [-1f,0f,0f,0f,0f,0.8302f,0.5575f,0f,0f,0.5575f,-0.8302f,0f,0f,0f,0f,1f],start_interpolation: 0,interpolation_duration: 1}
data modify storage animated_java:temp entry.data merge value {"cameras":{},"locators":{"entity_hitbox":{"px":0,"py":0,"pz":0,"ry":0,"rx":33.88125},"locator":{"px":0,"py":1.1732650545,"pz":2.807268884,"ry":0,"rx":14.97640625}}}
# Data Manager: Write
function animated_java:global/data_manager/write with storage animated_java:temp args