# This file was generated by Animated Java via MC-Build. It is not recommended to edit this file directly.
$data merge entity $(bone2) {transformation: [-1f,0f,0f,0f,0f,0.926f,0.3775f,1.6174f,0f,0.3775f,-0.926f,2.0137f,0f,0f,0f,1f],start_interpolation: 0,interpolation_duration: 1}
$data merge entity $(bone3) {transformation: [-1f,0f,0f,0f,0f,0.9957f,0.0924f,1.3442f,0f,0.0924f,-0.9957f,1.9469f,0f,0f,0f,1f],start_interpolation: 0,interpolation_duration: 1}
$data merge entity $(bone1) {transformation: [-1f,0f,0f,0f,0f,0.9714f,0.2375f,1.3906f,0f,0.2375f,-0.9714f,1.7572f,0f,0f,0f,1f],start_interpolation: 0,interpolation_duration: 1}
$data merge entity $(bone) {transformation: [-1f,0f,0f,0f,0f,0.3368f,0.9416f,1.1306f,0f,0.9416f,-0.3368f,1.0536f,0f,0f,0f,1f],start_interpolation: 0,interpolation_duration: 1}
$data merge entity $(bone4) {transformation: [-1f,0f,0f,0f,0f,0.5009f,0.8655f,0.8019f,0f,0.8655f,-0.5009f,0.4857f,0f,0f,0f,1f],start_interpolation: 0,interpolation_duration: 1}
$data merge entity $(root) {transformation: [-1f,0f,0f,0f,0f,0.8554f,0.518f,0f,0f,0.518f,-0.8554f,0f,0f,0f,0f,1f],start_interpolation: 0,interpolation_duration: 1}
data modify storage animated_java:temp entry.data merge value {"cameras":{},"locators":{"entity_hitbox":{"px":0,"py":0,"pz":0,"ry":0,"rx":31.2},"locator":{"px":0,"py":1.3481620881,"pz":2.7199908176,"ry":0,"rx":13.74}}}
# Data Manager: Write
function animated_java:global/data_manager/write with storage animated_java:temp args