# This file was generated by Animated Java via MC-Build. It is not recommended to edit this file directly.
$data merge entity $(bone2) {transformation: [-1f,0f,0f,0f,0f,0.9354f,0.3535f,1.7789f,0f,0.3535f,-0.9354f,1.8987f,0f,0f,0f,1f],start_interpolation: 0,interpolation_duration: 1}
$data merge entity $(bone3) {transformation: [-1f,0f,0f,0f,0f,0.9973f,0.0728f,1.5043f,0f,0.0728f,-0.9973f,1.8381f,0f,0f,0f,1f],start_interpolation: 0,interpolation_duration: 1}
$data merge entity $(bone1) {transformation: [-1f,0f,0f,0f,0f,0.9765f,0.2154f,1.5464f,0f,0.2154f,-0.9765f,1.6474f,0f,0f,0f,1f],start_interpolation: 0,interpolation_duration: 1}
$data merge entity $(bone) {transformation: [-1f,0f,0f,0f,0f,0.4427f,0.8967f,1.2073f,0f,0.8967f,-0.4427f,0.9784f,0f,0f,0f,1f],start_interpolation: 0,interpolation_duration: 1}
$data merge entity $(bone4) {transformation: [-1f,0f,0f,0f,0f,0.5822f,0.813f,0.8253f,0f,0.813f,-0.5822f,0.4448f,0f,0f,0f,1f],start_interpolation: 0,interpolation_duration: 1}
$data merge entity $(root) {transformation: [-1f,0f,0f,0f,0f,0.8803f,0.4745f,0f,0f,0.4745f,-0.8803f,0f,0f,0f,0f,1f],start_interpolation: 0,interpolation_duration: 1}
data modify storage animated_java:temp entry.data merge value {"cameras":{},"locators":{"entity_hitbox":{"px":0,"py":0,"pz":0,"ry":0,"rx":28.325},"locator":{"px":0,"py":1.5258417098,"pz":2.6109276348,"ry":0,"rx":12.43859375}}}
# Data Manager: Write
function animated_java:global/data_manager/write with storage animated_java:temp args