# This file was generated by Animated Java via MC-Build. It is not recommended to edit this file directly.
$data merge entity $(bone2) {transformation: [-1f,0f,0f,0f,0f,0.9447f,0.3278f,1.9363f,0f,0.3278f,-0.9447f,1.7627f,0f,0f,0f,1f],start_interpolation: 0,interpolation_duration: 1}
$data merge entity $(bone3) {transformation: [-1f,0f,0f,0f,0f,0.9986f,0.0532f,1.6603f,0f,0.0532f,-0.9986f,1.7085f,0f,0f,0f,1f],start_interpolation: 0,interpolation_duration: 1}
$data merge entity $(bone1) {transformation: [-1f,0f,0f,0f,0f,0.9813f,0.1924f,1.6979f,0f,0.1924f,-0.9813f,1.5169f,0f,0f,0f,1f],start_interpolation: 0,interpolation_duration: 1}
$data merge entity $(bone) {transformation: [-1f,0f,0f,0f,0f,0.5465f,0.8375f,1.2815f,0f,0.8375f,-0.5465f,0.893f,0f,0f,0f,1f],start_interpolation: 0,interpolation_duration: 1}
$data merge entity $(bone4) {transformation: [-1f,0f,0f,0f,0f,0.6614f,0.75f,0.8475f,0f,0.75f,-0.6614f,0.4008f,0f,0f,0f,1f],start_interpolation: 0,interpolation_duration: 1}
$data merge entity $(root) {transformation: [-1f,0f,0f,0f,0f,0.904f,0.4276f,0f,0f,0.4276f,-0.904f,0f,0f,0f,0f,1f],start_interpolation: 0,interpolation_duration: 1}
data modify storage animated_java:temp entry.data merge value {"cameras":{},"locators":{"entity_hitbox":{"px":0,"py":0,"pz":0,"ry":0,"rx":25.3125},"locator":{"px":0,"py":1.7000268361,"pz":2.480612666,"ry":0,"rx":11.09375}}}
# Data Manager: Write
function animated_java:global/data_manager/write with storage animated_java:temp args