# This file was generated by Animated Java via MC-Build. It is not recommended to edit this file directly.
$data merge entity $(bone2) {transformation: [-1f,0f,0f,0f,0f,0.9537f,0.3008f,2.084f,0f,0.3008f,-0.9537f,1.6077f,0f,0f,0f,1f],start_interpolation: 0,interpolation_duration: 1}
$data merge entity $(bone3) {transformation: [-1f,0f,0f,0f,0f,0.9994f,0.034f,1.8068f,0f,0.034f,-0.9994f,1.5602f,0f,0f,0f,1f],start_interpolation: 0,interpolation_duration: 1}
$data merge entity $(bone1) {transformation: [-1f,0f,0f,0f,0f,0.9856f,0.169f,1.8398f,0f,0.169f,-0.9856f,1.3677f,0f,0f,0f,1f],start_interpolation: 0,interpolation_duration: 1}
$data merge entity $(bone) {transformation: [-1f,0f,0f,0f,0f,0.6443f,0.7648f,1.3506f,0f,0.7648f,-0.6443f,0.7991f,0f,0f,0f,1f],start_interpolation: 0,interpolation_duration: 1}
$data merge entity $(bone4) {transformation: [-1f,0f,0f,0f,0f,0.7355f,0.6775f,0.8679f,0f,0.6775f,-0.7355f,0.3545f,0f,0f,0f,1f],start_interpolation: 0,interpolation_duration: 1}
$data merge entity $(root) {transformation: [-1f,0f,0f,0f,0f,0.9257f,0.3781f,0f,0f,0.3781f,-0.9257f,0f,0f,0f,0f,1f],start_interpolation: 0,interpolation_duration: 1}
data modify storage animated_java:temp entry.data merge value {"cameras":{},"locators":{"entity_hitbox":{"px":0,"py":0,"pz":0,"ry":0,"rx":22.21875},"locator":{"px":0,"py":1.864860313,"pz":2.3310674993,"ry":0,"rx":9.72703125}}}
# Data Manager: Write
function animated_java:global/data_manager/write with storage animated_java:temp args