# This file was generated by Animated Java via MC-Build. It is not recommended to edit this file directly.
$data merge entity $(bone2) {transformation: [-1f,0f,0f,0f,0f,0.9621f,0.2728f,2.2171f,0f,0.2728f,-0.9621f,1.4373f,0f,0f,0f,1f],start_interpolation: 0,interpolation_duration: 1}
$data merge entity $(bone3) {transformation: [-1f,0f,0f,0f,0f,0.9999f,0.0155f,1.9388f,0f,0.0155f,-0.9999f,1.3965f,0f,0f,0f,1f],start_interpolation: 0,interpolation_duration: 1}
$data merge entity $(bone1) {transformation: [-1f,0f,0f,0f,0f,0.9894f,0.1454f,1.9672f,0f,0.1454f,-0.9894f,1.2032f,0f,0f,0f,1f],start_interpolation: 0,interpolation_duration: 1}
$data merge entity $(bone) {transformation: [-1f,0f,0f,0f,0f,0.7328f,0.6805f,1.4123f,0f,0.6805f,-0.7328f,0.6986f,0f,0f,0f,1f],start_interpolation: 0,interpolation_duration: 1}
$data merge entity $(bone4) {transformation: [-1f,0f,0f,0f,0f,0.8022f,0.5971f,0.8859f,0f,0.5971f,-0.8022f,0.3068f,0f,0f,0f,1f],start_interpolation: 0,interpolation_duration: 1}
$data merge entity $(root) {transformation: [-1f,0f,0f,0f,0f,0.9449f,0.3272f,0f,0f,0.3272f,-0.9449f,0f,0f,0f,0f,1f],start_interpolation: 0,interpolation_duration: 1}
data modify storage animated_java:temp entry.data merge value {"cameras":{},"locators":{"entity_hitbox":{"px":0,"py":0,"pz":0,"ry":0,"rx":19.1},"locator":{"px":0,"py":2.0152962972,"pz":2.1657435165,"ry":0,"rx":8.36}}}
# Data Manager: Write
function animated_java:global/data_manager/write with storage animated_java:temp args