# This file was generated by Animated Java via MC-Build. It is not recommended to edit this file directly.
$data merge entity $(bone2) {transformation: [-1f,0f,0f,0f,0f,0.9697f,0.2443f,2.3321f,0f,0.2443f,-0.9697f,1.2564f,0f,0f,0f,1f],start_interpolation: 0,interpolation_duration: 1}
$data merge entity $(bone3) {transformation: [-1f,0f,0f,0f,0f,1f,-0.002f,2.0529f,0f,-0.002f,-1f,1.222f,0f,0f,0f,1f],start_interpolation: 0,interpolation_duration: 1}
$data merge entity $(bone1) {transformation: [-1f,0f,0f,0f,0f,0.9925f,0.1221f,2.0768f,0f,0.1221f,-0.9925f,1.0282f,0f,0f,0f,1f],start_interpolation: 0,interpolation_duration: 1}
$data merge entity $(bone) {transformation: [-1f,0f,0f,0f,0f,0.8094f,0.5873f,1.4652f,0f,0.5873f,-0.8094f,0.594f,0f,0f,0f,1f],start_interpolation: 0,interpolation_duration: 1}
$data merge entity $(bone4) {transformation: [-1f,0f,0f,0f,0f,0.8595f,0.5111f,0.9011f,0f,0.5111f,-0.8595f,0.2586f,0f,0f,0f,1f],start_interpolation: 0,interpolation_duration: 1}
$data merge entity $(root) {transformation: [-1f,0f,0f,0f,0f,0.9612f,0.2758f,0f,0f,0.2758f,-0.9612f,0f,0f,0f,0f,1f],start_interpolation: 0,interpolation_duration: 1}
data modify storage animated_java:temp entry.data merge value {"cameras":{},"locators":{"entity_hitbox":{"px":0,"py":0,"pz":0,"ry":0,"rx":16.0125},"locator":{"px":0,"py":2.1474492304,"pz":1.9893204638,"ry":0,"rx":7.01421875}}}
# Data Manager: Write
function animated_java:global/data_manager/write with storage animated_java:temp args