# This file was generated by Animated Java via MC-Build. It is not recommended to edit this file directly.
$data merge entity $(bone2) {transformation: [-1f,0f,0f,0f,0f,0.9764f,0.2159f,2.4268f,0f,0.2159f,-0.9764f,1.0704f,0f,0f,0f,1f],start_interpolation: 0,interpolation_duration: 1}
$data merge entity $(bone3) {transformation: [-1f,0f,0f,0f,0f,0.9998f,-0.0182f,2.1469f,0f,-0.0182f,-0.9998f,1.0425f,0f,0f,0f,1f],start_interpolation: 0,interpolation_duration: 1}
$data merge entity $(bone1) {transformation: [-1f,0f,0f,0f,0f,0.995f,0.0995f,2.1664f,0f,0.0995f,-0.995f,0.8481f,0f,0f,0f,1f],start_interpolation: 0,interpolation_duration: 1}
$data merge entity $(bone) {transformation: [-1f,0f,0f,0f,0f,0.8724f,0.4888f,1.5083f,0f,0.4888f,-0.8724f,0.4883f,0f,0f,0f,1f],start_interpolation: 0,interpolation_duration: 1}
$data merge entity $(bone4) {transformation: [-1f,0f,0f,0f,0f,0.9064f,0.4224f,0.9134f,0f,0.4224f,-0.9064f,0.2111f,0f,0f,0f,1f],start_interpolation: 0,interpolation_duration: 1}
$data merge entity $(root) {transformation: [-1f,0f,0f,0f,0f,0.9743f,0.2252f,0f,0f,0.2252f,-0.9743f,0f,0f,0f,0f,1f],start_interpolation: 0,interpolation_duration: 1}
data modify storage animated_java:temp entry.data merge value {"cameras":{},"locators":{"entity_hitbox":{"px":0,"py":0,"pz":0,"ry":0,"rx":13.0125},"locator":{"px":0,"py":2.258848355,"pz":1.8073923108,"ry":0,"rx":5.71125}}}
# Data Manager: Write
function animated_java:global/data_manager/write with storage animated_java:temp args