# This file was generated by Animated Java via MC-Build. It is not recommended to edit this file directly.
$data merge entity $(bone2) {transformation: [-1f,0f,0f,0f,0f,0.9953f,-0.0966f,2.597f,0f,-0.0966f,-0.9953f,-0.1179f,0f,0f,0f,1f],start_interpolation: 0,interpolation_duration: 1}
$data merge entity $(bone3) {transformation: [-1f,0f,0f,0f,0f,0.992f,0.1266f,2.3158f,0f,0.1266f,-0.992f,-0.1222f,0f,0f,0f,1f],start_interpolation: 0,interpolation_duration: 1}
$data merge entity $(bone1) {transformation: [-1f,0f,0f,0f,0f,0.9999f,0.0151f,2.3187f,0f,0.0151f,-0.9999f,-0.3175f,0f,0f,0f,1f],start_interpolation: 0,interpolation_duration: 1}
$data merge entity $(bone) {transformation: [-1f,0f,0f,0f,0f,0.9982f,-0.0603f,1.5705f,0f,-0.0603f,-0.9982f,-0.2644f,0f,0f,0f,1f],start_interpolation: 0,interpolation_duration: 1}
$data merge entity $(bone4) {transformation: [-1f,0f,0f,0f,0f,0.9778f,-0.2096f,0.9289f,0f,-0.2096f,-0.9778f,-0.1269f,0f,0f,0f,1f],start_interpolation: 0,interpolation_duration: 1}
$data merge entity $(root) {transformation: [-1f,0f,0f,0f,0f,0.9908f,-0.1353f,0f,0f,-0.1353f,-0.9908f,0f,0f,0f,0f,1f],start_interpolation: 0,interpolation_duration: 1}
data modify storage animated_java:temp entry.data merge value {"cameras":{},"locators":{"entity_hitbox":{"px":0,"py":0,"pz":0,"ry":0,"rx":-7.7783203125},"locator":{"px":0,"py":2.4919294992,"pz":0.630570166,"ry":0,"rx":0.8642578125}}}
# Data Manager: Write
function animated_java:global/data_manager/write with storage animated_java:temp args