# This file was generated by Animated Java via MC-Build. It is not recommended to edit this file directly.
$data merge entity $(bone2) {transformation: [-1f,0f,0f,0f,0f,0.9822f,0.1879f,2.5005f,0f,0.1879f,-0.9822f,0.8857f,0f,0f,0f,1f],start_interpolation: 0,interpolation_duration: 1}
$data merge entity $(bone3) {transformation: [-1f,0f,0f,0f,0f,0.9995f,-0.0329f,2.2201f,0f,-0.0329f,-0.9995f,0.8637f,0f,0f,0f,1f],start_interpolation: 0,interpolation_duration: 1}
$data merge entity $(bone1) {transformation: [-1f,0f,0f,0f,0f,0.997f,0.078f,2.2353f,0f,0.078f,-0.997f,0.669f,0f,0f,0f,1f],start_interpolation: 0,interpolation_duration: 1}
$data merge entity $(bone) {transformation: [-1f,0f,0f,0f,0f,0.9212f,0.389f,1.5414f,0f,0.389f,-0.9212f,0.3845f,0f,0f,0f,1f],start_interpolation: 0,interpolation_duration: 1}
$data merge entity $(bone4) {transformation: [-1f,0f,0f,0f,0f,0.9426f,0.334f,0.9228f,0f,0.334f,-0.9426f,0.1653f,0f,0f,0f,1f],start_interpolation: 0,interpolation_duration: 1}
$data merge entity $(root) {transformation: [-1f,0f,0f,0f,0f,0.9843f,0.1763f,0f,0f,0.1763f,-0.9843f,0f,0f,0f,0f,1f],start_interpolation: 0,interpolation_duration: 1}
data modify storage animated_java:temp entry.data merge value {"cameras":{},"locators":{"entity_hitbox":{"px":0,"py":0,"pz":0,"ry":0,"rx":10.15625},"locator":{"px":0,"py":2.3485594883,"pz":1.6260878314,"ry":0,"rx":4.47265625}}}
# Data Manager: Write
function animated_java:global/data_manager/write with storage animated_java:temp args