# This file was generated by Animated Java via MC-Build. It is not recommended to edit this file directly.
$data merge entity $(bone2) {transformation: [-1f,0f,0f,0f,0f,0.987f,0.1609f,2.5542f,0f,0.1609f,-0.987f,0.7084f,0f,0f,0f,1f],start_interpolation: 0,interpolation_duration: 1}
$data merge entity $(bone3) {transformation: [-1f,0f,0f,0f,0f,0.999f,-0.0457f,2.2734f,0f,-0.0457f,-0.999f,0.6921f,0f,0f,0f,1f],start_interpolation: 0,interpolation_duration: 1}
$data merge entity $(bone1) {transformation: [-1f,0f,0f,0f,0f,0.9983f,0.0579f,2.2847f,0f,0.0579f,-0.9983f,0.4971f,0f,0f,0f,1f],start_interpolation: 0,interpolation_duration: 1}
$data merge entity $(bone) {transformation: [-1f,0f,0f,0f,0f,0.9565f,0.2917f,1.5651f,0f,0.2917f,-0.9565f,0.2858f,0f,0f,0f,1f],start_interpolation: 0,interpolation_duration: 1}
$data merge entity $(bone4) {transformation: [-1f,0f,0f,0f,0f,0.9685f,0.249f,0.9295f,0f,0.249f,-0.9685f,0.1224f,0f,0f,0f,1f],start_interpolation: 0,interpolation_duration: 1}
$data merge entity $(root) {transformation: [-1f,0f,0f,0f,0f,0.9914f,0.1305f,0f,0f,0.1305f,-0.9914f,0f,0f,0f,0f,1f],start_interpolation: 0,interpolation_duration: 1}
data modify storage animated_java:temp entry.data merge value {"cameras":{},"locators":{"entity_hitbox":{"px":0,"py":0,"pz":0,"ry":0,"rx":7.5},"locator":{"px":0,"py":2.4171554835,"pz":1.4516827217,"ry":0,"rx":3.32}}}
# Data Manager: Write
function animated_java:global/data_manager/write with storage animated_java:temp args