# This file was generated by Animated Java via MC-Build. It is not recommended to edit this file directly.
$data merge entity $(bone2) {transformation: [-1f,0f,0f,0f,0f,0.9908f,0.1353f,2.59f,0f,0.1353f,-0.9908f,0.5446f,0f,0f,0f,1f],start_interpolation: 0,interpolation_duration: 1}
$data merge entity $(bone3) {transformation: [-1f,0f,0f,0f,0f,0.9984f,-0.0563f,2.309f,0f,-0.0563f,-0.9984f,0.5334f,0f,0f,0f,1f],start_interpolation: 0,interpolation_duration: 1}
$data merge entity $(bone1) {transformation: [-1f,0f,0f,0f,0f,0.9992f,0.0397f,2.3167f,0f,0.0397f,-0.9992f,0.3382f,0f,0f,0f,1f],start_interpolation: 0,interpolation_duration: 1}
$data merge entity $(bone) {transformation: [-1f,0f,0f,0f,0f,0.9796f,0.2009f,1.5804f,0f,0.2009f,-0.9796f,0.1952f,0f,0f,0f,1f],start_interpolation: 0,interpolation_duration: 1}
$data merge entity $(bone4) {transformation: [-1f,0f,0f,0f,0f,0.9854f,0.1705f,0.9338f,0f,0.1705f,-0.9854f,0.0833f,0f,0f,0f,1f],start_interpolation: 0,interpolation_duration: 1}
$data merge entity $(root) {transformation: [-1f,0f,0f,0f,0f,0.996f,0.0889f,0f,0f,0.0889f,-0.996f,0f,0f,0f,0f,1f],start_interpolation: 0,interpolation_duration: 1}
data modify storage animated_java:temp entry.data merge value {"cameras":{},"locators":{"entity_hitbox":{"px":0,"py":0,"pz":0,"ry":0,"rx":5.1},"locator":{"px":0,"py":2.4665379103,"pz":1.2902595463,"ry":0,"rx":2.27484375}}}
# Data Manager: Write
function animated_java:global/data_manager/write with storage animated_java:temp args