# This file was generated by Animated Java via MC-Build. It is not recommended to edit this file directly.
$data merge entity $(bone2) {transformation: [-1f,0f,0f,0f,0f,0.9938f,0.1116f,2.6111f,0f,0.1116f,-0.9938f,0.3999f,0f,0f,0f,1f],start_interpolation: 0,interpolation_duration: 1}
$data merge entity $(bone3) {transformation: [-1f,0f,0f,0f,0f,0.9979f,-0.0644f,2.33f,0f,-0.0644f,-0.9979f,0.3932f,0f,0f,0f,1f],start_interpolation: 0,interpolation_duration: 1}
$data merge entity $(bone1) {transformation: [-1f,0f,0f,0f,0f,0.9997f,0.0237f,2.3346f,0f,0.0237f,-0.9997f,0.198f,0f,0f,0f,1f],start_interpolation: 0,interpolation_duration: 1}
$data merge entity $(bone) {transformation: [-1f,0f,0f,0f,0f,0.9928f,0.1201f,1.5891f,0f,0.1201f,-0.9928f,0.1157f,0f,0f,0f,1f],start_interpolation: 0,interpolation_duration: 1}
$data merge entity $(bone4) {transformation: [-1f,0f,0f,0f,0f,0.9949f,0.1012f,0.9362f,0f,0.1012f,-0.9949f,0.0493f,0f,0f,0f,1f],start_interpolation: 0,interpolation_duration: 1}
$data merge entity $(root) {transformation: [-1f,0f,0f,0f,0f,0.9986f,0.0526f,0f,0f,0.0526f,-0.9986f,0f,0f,0f,0f,1f],start_interpolation: 0,interpolation_duration: 1}
data modify storage animated_java:temp entry.data merge value {"cameras":{},"locators":{"entity_hitbox":{"px":0,"py":0,"pz":0,"ry":0,"rx":3.0125},"locator":{"px":0,"py":2.499630135,"pz":1.1474615416,"ry":0,"rx":1.35875}}}
# Data Manager: Write
function animated_java:global/data_manager/write with storage animated_java:temp args