# This file was generated by Animated Java via MC-Build. It is not recommended to edit this file directly.
$data merge entity $(bone2) {transformation: [-1f,0f,0f,0f,0f,0.9959f,0.0904f,2.6215f,0f,0.0904f,-0.9959f,0.2794f,0f,0f,0f,1f],start_interpolation: 0,interpolation_duration: 1}
$data merge entity $(bone3) {transformation: [-1f,0f,0f,0f,0f,0.9976f,-0.0697f,2.3402f,0f,-0.0697f,-0.9976f,0.2765f,0f,0f,0f,1f],start_interpolation: 0,interpolation_duration: 1}
$data merge entity $(bone1) {transformation: [-1f,0f,0f,0f,0f,0.9999f,0.0104f,2.3423f,0f,0.0104f,-0.9999f,0.0812f,0f,0f,0f,1f],start_interpolation: 0,interpolation_duration: 1}
$data merge entity $(bone) {transformation: [-1f,0f,0f,0f,0f,0.9986f,0.0522f,1.5929f,0f,0.0522f,-0.9986f,0.0498f,0f,0f,0f,1f],start_interpolation: 0,interpolation_duration: 1}
$data merge entity $(bone4) {transformation: [-1f,0f,0f,0f,0f,0.999f,0.0436f,0.9373f,0f,0.0436f,-0.999f,0.0212f,0f,0f,0f,1f],start_interpolation: 0,interpolation_duration: 1}
$data merge entity $(root) {transformation: [-1f,0f,0f,0f,0f,0.9997f,0.0226f,0f,0f,0.0226f,-0.9997f,0f,0f,0f,0f,1f],start_interpolation: 0,interpolation_duration: 1}
data modify storage animated_java:temp entry.data merge value {"cameras":{},"locators":{"entity_hitbox":{"px":0,"py":0,"pz":0,"ry":0,"rx":1.29375},"locator":{"px":0,"py":2.5199723258,"pz":1.0283684245,"ry":0,"rx":0.59328125}}}
# Data Manager: Write
function animated_java:global/data_manager/write with storage animated_java:temp args