# This file was generated by Animated Java via MC-Build. It is not recommended to edit this file directly.
$data merge entity $(bone2) {transformation: [-1f,0f,0f,0f,0f,0.9987f,0.0518f,2.6243f,0f,0.0518f,-0.9987f,0.0808f,0f,0f,0f,1f],start_interpolation: 0,interpolation_duration: 1}
$data merge entity $(bone3) {transformation: [-1f,0f,0f,0f,0f,0.9971f,-0.0762f,2.3431f,0f,-0.0762f,-0.9971f,0.0843f,0f,0f,0f,1f],start_interpolation: 0,interpolation_duration: 1}
$data merge entity $(bone1) {transformation: [-1f,0f,0f,0f,0f,0.9999f,-0.0122f,2.3407f,0f,-0.0122f,-0.9999f,-0.111f,0f,0f,0f,1f],start_interpolation: 0,interpolation_duration: 1}
$data merge entity $(bone) {transformation: [-1f,0f,0f,0f,0f,0.9981f,-0.0611f,1.5926f,0f,-0.0611f,-0.9981f,-0.0574f,0f,0f,0f,1f],start_interpolation: 0,interpolation_duration: 1}
$data merge entity $(bone4) {transformation: [-1f,0f,0f,0f,0f,0.9987f,-0.0504f,0.9372f,0f,-0.0504f,-0.9987f,-0.0243f,0f,0f,0f,1f],start_interpolation: 0,interpolation_duration: 1}
$data merge entity $(root) {transformation: [-1f,0f,0f,0f,0f,0.9997f,-0.026f,0f,0f,-0.026f,-0.9997f,0f,0f,0f,0f,1f],start_interpolation: 0,interpolation_duration: 1}
data modify storage animated_java:temp entry.data merge value {"cameras":{},"locators":{"entity_hitbox":{"px":0,"py":0,"pz":0,"ry":0,"rx":-1.4879918981},"locator":{"px":0,"py":2.5397619097,"pz":0.8319369889,"ry":0,"rx":-0.7002314815}}}
# Data Manager: Write
function animated_java:global/data_manager/write with storage animated_java:temp args