# This file was generated by Animated Java via MC-Build. It is not recommended to edit this file directly.
$data merge entity $(bone2) {transformation: [-1f,0f,0f,0f,0f,0.9994f,0.0359f,2.6211f,0f,0.0359f,-0.9994f,0.0113f,0f,0f,0f,1f],start_interpolation: 0,interpolation_duration: 1}
$data merge entity $(bone3) {transformation: [-1f,0f,0f,0f,0f,0.9971f,-0.0763f,2.3399f,0f,-0.0763f,-0.9971f,0.017f,0f,0f,0f,1f],start_interpolation: 0,interpolation_duration: 1}
$data merge entity $(bone1) {transformation: [-1f,0f,0f,0f,0f,0.9998f,-0.0202f,2.336f,0f,-0.0202f,-0.9998f,-0.1782f,0f,0f,0f,1f],start_interpolation: 0,interpolation_duration: 1}
$data merge entity $(bone) {transformation: [-1f,0f,0f,0f,0f,0.9949f,-0.1008f,1.5906f,0f,-0.1008f,-0.9949f,-0.0949f,0f,0f,0f,1f],start_interpolation: 0,interpolation_duration: 1}
$data merge entity $(bone4) {transformation: [-1f,0f,0f,0f,0f,0.9965f,-0.0832f,0.9366f,0f,-0.0832f,-0.9965f,-0.0402f,0f,0f,0f,1f],start_interpolation: 0,interpolation_duration: 1}
$data merge entity $(root) {transformation: [-1f,0f,0f,0f,0f,0.9991f,-0.0429f,0f,0f,-0.0429f,-0.9991f,0f,0f,0f,0f,1f],start_interpolation: 0,interpolation_duration: 1}
data modify storage animated_java:temp entry.data merge value {"cameras":{},"locators":{"entity_hitbox":{"px":0,"py":0,"pz":0,"ry":0,"rx":-2.4594907407},"locator":{"px":0,"py":2.5425556249,"pz":0.763084914,"ry":0,"rx":-1.1574074074}}}
# Data Manager: Write
function animated_java:global/data_manager/write with storage animated_java:temp args