# This file was generated by Animated Java via MC-Build. It is not recommended to edit this file directly.
$data merge entity $(bone2) {transformation: [-1f,0f,0f,0f,0f,0.9997f,0.0238f,2.6185f,0f,0.0238f,-0.9997f,-0.0264f,0f,0f,0f,1f],start_interpolation: 0,interpolation_duration: 1}
$data merge entity $(bone3) {transformation: [-1f,0f,0f,0f,0f,0.9973f,-0.0729f,2.3373f,0f,-0.0729f,-0.9973f,-0.0195f,0f,0f,0f,1f],start_interpolation: 0,interpolation_duration: 1}
$data merge entity $(bone1) {transformation: [-1f,0f,0f,0f,0f,0.9997f,-0.0245f,2.3325f,0f,-0.0245f,-0.9997f,-0.2148f,0f,0f,0f,1f],start_interpolation: 0,interpolation_duration: 1}
$data merge entity $(bone) {transformation: [-1f,0f,0f,0f,0f,0.9925f,-0.1224f,1.5891f,0f,-0.1224f,-0.9925f,-0.1152f,0f,0f,0f,1f],start_interpolation: 0,interpolation_duration: 1}
$data merge entity $(bone4) {transformation: [-1f,0f,0f,0f,0f,0.9949f,-0.1011f,0.9362f,0f,-0.1011f,-0.9949f,-0.0489f,0f,0f,0f,1f],start_interpolation: 0,interpolation_duration: 1}
$data merge entity $(root) {transformation: [-1f,0f,0f,0f,0f,0.9986f,-0.0521f,0f,0f,-0.0521f,-0.9986f,0f,0f,0f,0f,1f],start_interpolation: 0,interpolation_duration: 1}
data modify storage animated_java:temp entry.data merge value {"cameras":{},"locators":{"entity_hitbox":{"px":0,"py":0,"pz":0,"ry":0,"rx":-2.98828125},"locator":{"px":0,"py":2.5431607721,"pz":0.7256639836,"ry":0,"rx":-1.40625}}}
# Data Manager: Write
function animated_java:global/data_manager/write with storage animated_java:temp args