# This file was generated by Animated Java via MC-Build. It is not recommended to edit this file directly.
$data merge entity $(bone2) {transformation: [-1f,0f,0f,0f,0f,0.9999f,0.015f,2.6175f,0f,0.015f,-0.9999f,-0.0378f,0f,0f,0f,1f],start_interpolation: 0,interpolation_duration: 1}
$data merge entity $(bone3) {transformation: [-1f,0f,0f,0f,0f,0.9978f,-0.0667f,2.3364f,0f,-0.0667f,-0.9978f,-0.0305f,0f,0f,0f,1f],start_interpolation: 0,interpolation_duration: 1}
$data merge entity $(bone1) {transformation: [-1f,0f,0f,0f,0f,0.9997f,-0.0259f,2.3313f,0f,-0.0259f,-0.9997f,-0.2258f,0f,0f,0f,1f],start_interpolation: 0,interpolation_duration: 1}
$data merge entity $(bone) {transformation: [-1f,0f,0f,0f,0f,0.9917f,-0.1289f,1.5886f,0f,-0.1289f,-0.9917f,-0.1213f,0f,0f,0f,1f],start_interpolation: 0,interpolation_duration: 1}
$data merge entity $(bone4) {transformation: [-1f,0f,0f,0f,0f,0.9943f,-0.1065f,0.9361f,0f,-0.1065f,-0.9943f,-0.0515f,0f,0f,0f,1f],start_interpolation: 0,interpolation_duration: 1}
$data merge entity $(root) {transformation: [-1f,0f,0f,0f,0f,0.9985f,-0.0549f,0f,0f,-0.0549f,-0.9985f,0f,0f,0f,0f,1f],start_interpolation: 0,interpolation_duration: 1}
data modify storage animated_java:temp entry.data merge value {"cameras":{},"locators":{"entity_hitbox":{"px":0,"py":0,"pz":0,"ry":0,"rx":-3.1481481481},"locator":{"px":0,"py":2.5432169169,"pz":0.7143608848,"ry":0,"rx":-1.4814814815}}}
# Data Manager: Write
function animated_java:global/data_manager/write with storage animated_java:temp args