# This file was generated by Animated Java via MC-Build. It is not recommended to edit this file directly.
$data merge entity $(bone2) {transformation: [-1f,0f,0f,0f,0f,0.9898f,-0.1425f,2.5688f,0f,-0.1425f,-0.9898f,-0.252f,0f,0f,0f,1f],start_interpolation: 0,interpolation_duration: 1}
$data merge entity $(bone3) {transformation: [-1f,0f,0f,0f,0f,0.9826f,0.1856f,2.2876f,0f,0.1856f,-0.9826f,-0.2581f,0f,0f,0f,1f],start_interpolation: 0,interpolation_duration: 1}
$data merge entity $(bone1) {transformation: [-1f,0f,0f,0f,0f,0.9998f,0.0218f,2.2918f,0f,0.0218f,-0.9998f,-0.4534f,0f,0f,0f,1f],start_interpolation: 0,interpolation_duration: 1}
$data merge entity $(bone) {transformation: [-1f,0f,0f,0f,0f,0.9962f,-0.0872f,1.5454f,0f,-0.0872f,-0.9962f,-0.3802f,0f,0f,0f,1f],start_interpolation: 0,interpolation_duration: 1}
$data merge entity $(bone4) {transformation: [-1f,0f,0f,0f,0f,0.9537f,-0.3007f,0.9195f,0f,-0.3007f,-0.9537f,-0.1829f,0f,0f,0f,1f],start_interpolation: 0,interpolation_duration: 1}
$data merge entity $(root) {transformation: [-1f,0f,0f,0f,0f,0.9808f,-0.1951f,0f,0f,-0.1951f,-0.9808f,0f,0f,0f,0f,1f],start_interpolation: 0,interpolation_duration: 1}
data modify storage animated_java:temp entry.data merge value {"cameras":{},"locators":{"entity_hitbox":{"px":0,"py":0,"pz":0,"ry":0,"rx":-11.25},"locator":{"px":0,"py":2.4586615993,"pz":0.4957928951,"ry":0,"rx":1.25}}}
# Data Manager: Write
function animated_java:global/data_manager/write with storage animated_java:temp args