# This file was generated by Animated Java via MC-Build. It is not recommended to edit this file directly.
$data merge entity $(bone2) {transformation: [-1f,0f,0f,0f,0f,1f,0.009f,2.6183f,0f,0.009f,-1f,-0.0282f,0f,0f,0f,1f],start_interpolation: 0,interpolation_duration: 1}
$data merge entity $(bone3) {transformation: [-1f,0f,0f,0f,0f,0.9983f,-0.0585f,2.3372f,0f,-0.0585f,-0.9983f,-0.0212f,0f,0f,0f,1f],start_interpolation: 0,interpolation_duration: 1}
$data merge entity $(bone1) {transformation: [-1f,0f,0f,0f,0f,0.9997f,-0.0247f,2.3323f,0f,-0.0247f,-0.9997f,-0.2165f,0f,0f,0f,1f],start_interpolation: 0,interpolation_duration: 1}
$data merge entity $(bone) {transformation: [-1f,0f,0f,0f,0f,0.9924f,-0.1234f,1.589f,0f,-0.1234f,-0.9924f,-0.1161f,0f,0f,0f,1f],start_interpolation: 0,interpolation_duration: 1}
$data merge entity $(bone4) {transformation: [-1f,0f,0f,0f,0f,0.9948f,-0.1019f,0.9362f,0f,-0.1019f,-0.9948f,-0.0493f,0f,0f,0f,1f],start_interpolation: 0,interpolation_duration: 1}
$data merge entity $(root) {transformation: [-1f,0f,0f,0f,0f,0.9986f,-0.0526f,0f,0f,-0.0526f,-0.9986f,0f,0f,0f,0f,1f],start_interpolation: 0,interpolation_duration: 1}
data modify storage animated_java:temp entry.data merge value {"cameras":{},"locators":{"entity_hitbox":{"px":0,"py":0,"pz":0,"ry":0,"rx":-3.0128761574},"locator":{"px":0,"py":2.5431732391,"pz":0.7239247118,"ry":0,"rx":-1.4178240741}}}
# Data Manager: Write
function animated_java:global/data_manager/write with storage animated_java:temp args