# This file was generated by Animated Java via MC-Build. It is not recommended to edit this file directly.
$data merge entity $(bone2) {transformation: [-1f,0f,0f,0f,0f,1f,0.0052f,2.6202f,0f,0.0052f,-1f,-0.0027f,0f,0f,0f,1f],start_interpolation: 0,interpolation_duration: 1}
$data merge entity $(bone3) {transformation: [-1f,0f,0f,0f,0f,0.9988f,-0.0488f,2.339f,0f,-0.0488f,-0.9988f,0.0034f,0f,0f,0f,1f],start_interpolation: 0,interpolation_duration: 1}
$data merge entity $(bone1) {transformation: [-1f,0f,0f,0f,0f,0.9998f,-0.0218f,2.3348f,0f,-0.0218f,-0.9998f,-0.1918f,0f,0f,0f,1f],start_interpolation: 0,interpolation_duration: 1}
$data merge entity $(bone) {transformation: [-1f,0f,0f,0f,0f,0.9941f,-0.1089f,1.5901f,0f,-0.1089f,-0.9941f,-0.1024f,0f,0f,0f,1f],start_interpolation: 0,interpolation_duration: 1}
$data merge entity $(bone4) {transformation: [-1f,0f,0f,0f,0f,0.996f,-0.0899f,0.9365f,0f,-0.0899f,-0.996f,-0.0434f,0f,0f,0f,1f],start_interpolation: 0,interpolation_duration: 1}
$data merge entity $(root) {transformation: [-1f,0f,0f,0f,0f,0.9989f,-0.0463f,0f,0f,-0.0463f,-0.9989f,0f,0f,0f,0f,1f],start_interpolation: 0,interpolation_duration: 1}
data modify storage animated_java:temp entry.data merge value {"cameras":{},"locators":{"entity_hitbox":{"px":0,"py":0,"pz":0,"ry":0,"rx":-2.65625},"locator":{"px":0,"py":2.5428560904,"pz":0.7491552301,"ry":0,"rx":-1.25}}}
# Data Manager: Write
function animated_java:global/data_manager/write with storage animated_java:temp args