# This file was generated by Animated Java via MC-Build. It is not recommended to edit this file directly.
$data merge entity $(bone2) {transformation: [-1f,0f,0f,0f,0f,1f,0.0031f,2.6224f,0f,0.0031f,-1f,0.0333f,0f,0f,0f,1f],start_interpolation: 0,interpolation_duration: 1}
$data merge entity $(bone3) {transformation: [-1f,0f,0f,0f,0f,0.9993f,-0.0385f,2.3412f,0f,-0.0385f,-0.9993f,0.0383f,0f,0f,0f,1f],start_interpolation: 0,interpolation_duration: 1}
$data merge entity $(bone1) {transformation: [-1f,0f,0f,0f,0f,0.9998f,-0.0177f,2.3377f,0f,-0.0177f,-0.9998f,-0.157f,0f,0f,0f,1f],start_interpolation: 0,interpolation_duration: 1}
$data merge entity $(bone) {transformation: [-1f,0f,0f,0f,0f,0.9961f,-0.0883f,1.5913f,0f,-0.0883f,-0.9961f,-0.083f,0f,0f,0f,1f],start_interpolation: 0,interpolation_duration: 1}
$data merge entity $(bone4) {transformation: [-1f,0f,0f,0f,0f,0.9973f,-0.0728f,0.9368f,0f,-0.0728f,-0.9973f,-0.0352f,0f,0f,0f,1f],start_interpolation: 0,interpolation_duration: 1}
$data merge entity $(root) {transformation: [-1f,0f,0f,0f,0f,0.9993f,-0.0376f,0f,0f,-0.0376f,-0.9993f,0f,0f,0f,0f,1f],start_interpolation: 0,interpolation_duration: 1}
data modify storage animated_java:temp entry.data merge value {"cameras":{},"locators":{"entity_hitbox":{"px":0,"py":0,"pz":0,"ry":0,"rx":-2.1520543981},"locator":{"px":0,"py":2.5419073268,"pz":0.784861598,"ry":0,"rx":-1.0127314815}}}
# Data Manager: Write
function animated_java:global/data_manager/write with storage animated_java:temp args