# This file was generated by Animated Java via MC-Build. It is not recommended to edit this file directly.
$data merge entity $(bone2) {transformation: [-1f,0f,0f,0f,0f,0.9815f,-0.1915f,2.531f,0f,-0.1915f,-0.9815f,-0.3836f,0f,0f,0f,1f],start_interpolation: 0,interpolation_duration: 1}
$data merge entity $(bone3) {transformation: [-1f,0f,0f,0f,0f,0.969f,0.2472f,2.2499f,0f,0.2472f,-0.969f,-0.3916f,0f,0f,0f,1f],start_interpolation: 0,interpolation_duration: 1}
$data merge entity $(bone1) {transformation: [-1f,0f,0f,0f,0f,0.9996f,0.0285f,2.2555f,0f,0.0285f,-0.9996f,-0.5868f,0f,0f,0f,1f],start_interpolation: 0,interpolation_duration: 1}
$data merge entity $(bone) {transformation: [-1f,0f,0f,0f,0f,0.9935f,-0.1139f,1.5112f,0f,-0.1139f,-0.9935f,-0.4936f,0f,0f,0f,1f],start_interpolation: 0,interpolation_duration: 1}
$data merge entity $(bone4) {transformation: [-1f,0f,0f,0f,0f,0.9212f,-0.3891f,0.9067f,0f,-0.3891f,-0.9212f,-0.2382f,0f,0f,0f,1f],start_interpolation: 0,interpolation_duration: 1}
$data merge entity $(root) {transformation: [-1f,0f,0f,0f,0f,0.9672f,-0.2541f,0f,0f,-0.2541f,-0.9672f,0f,0f,0f,0f,1f],start_interpolation: 0,interpolation_duration: 1}
data modify storage animated_java:temp entry.data merge value {"cameras":{},"locators":{"entity_hitbox":{"px":0,"py":0,"pz":0,"ry":0,"rx":-14.7216796875},"locator":{"px":0,"py":2.4159139032,"pz":0.3634487755,"ry":0,"rx":1.6357421875}}}
# Data Manager: Write
function animated_java:global/data_manager/write with storage animated_java:temp args