# This file was generated by Animated Java via MC-Build. It is not recommended to edit this file directly.
$data merge entity $(bone2) {transformation: [-1f,0f,0f,0f,0f,0.9705f,-0.241f,2.488f,0f,-0.241f,-0.9705f,-0.5023f,0f,0f,0f,1f],start_interpolation: 0,interpolation_duration: 1}
$data merge entity $(bone3) {transformation: [-1f,0f,0f,0f,0f,0.9514f,0.3078f,2.2069f,0f,0.3078f,-0.9514f,-0.5121f,0f,0f,0f,1f],start_interpolation: 0,interpolation_duration: 1}
$data merge entity $(bone1) {transformation: [-1f,0f,0f,0f,0f,0.9994f,0.0348f,2.2137f,0f,0.0348f,-0.9994f,-0.7073f,0f,0f,0f,1f],start_interpolation: 0,interpolation_duration: 1}
$data merge entity $(bone) {transformation: [-1f,0f,0f,0f,0f,0.9903f,-0.1386f,1.472f,0f,-0.1386f,-0.9903f,-0.5956f,0f,0f,0f,1f],start_interpolation: 0,interpolation_duration: 1}
$data merge entity $(bone4) {transformation: [-1f,0f,0f,0f,0f,0.8838f,-0.4678f,0.892f,0f,-0.4678f,-0.8838f,-0.2886f,0f,0f,0f,1f],start_interpolation: 0,interpolation_duration: 1}
$data merge entity $(root) {transformation: [-1f,0f,0f,0f,0f,0.9514f,-0.3078f,0f,0f,-0.3078f,-0.9514f,0f,0f,0f,0f,1f],start_interpolation: 0,interpolation_duration: 1}
data modify storage animated_java:temp entry.data merge value {"cameras":{},"locators":{"entity_hitbox":{"px":0,"py":0,"pz":0,"ry":0,"rx":-17.9296875},"locator":{"px":0,"py":2.3681911792,"pz":0.2439543655,"ry":0,"rx":1.9921875}}}
# Data Manager: Write
function animated_java:global/data_manager/write with storage animated_java:temp args