# This file was generated by Animated Java via MC-Build. It is not recommended to edit this file directly.
$data merge entity $(bone2) {transformation: [-1f,0f,0f,0f,0f,0.9574f,-0.2889f,2.4461f,0f,-0.2889f,-0.9574f,-0.5991f,0f,0f,0f,1f],start_interpolation: 0,interpolation_duration: 1}
$data merge entity $(bone3) {transformation: [-1f,0f,0f,0f,0f,0.9312f,0.3644f,2.165f,0f,0.3644f,-0.9312f,-0.6103f,0f,0f,0f,1f],start_interpolation: 0,interpolation_duration: 1}
$data merge entity $(bone1) {transformation: [-1f,0f,0f,0f,0f,0.9992f,0.04f,2.1729f,0f,0.04f,-0.9992f,-0.8055f,0f,0f,0f,1f],start_interpolation: 0,interpolation_duration: 1}
$data merge entity $(bone) {transformation: [-1f,0f,0f,0f,0f,0.9872f,-0.1592f,1.4337f,0f,-0.1592f,-0.9872f,-0.6784f,0f,0f,0f,1f],start_interpolation: 0,interpolation_duration: 1}
$data merge entity $(bone4) {transformation: [-1f,0f,0f,0f,0f,0.8475f,-0.5308f,0.8775f,0f,-0.5308f,-0.8475f,-0.33f,0f,0f,0f,1f],start_interpolation: 0,interpolation_duration: 1}
$data merge entity $(root) {transformation: [-1f,0f,0f,0f,0f,0.936f,-0.352f,0f,0f,-0.352f,-0.936f,0f,0f,0f,0f,1f],start_interpolation: 0,interpolation_duration: 1}
data modify storage animated_java:temp entry.data merge value {"cameras":{},"locators":{"entity_hitbox":{"px":0,"py":0,"pz":0,"ry":0,"rx":-20.6103515625},"locator":{"px":0,"py":2.322429108,"pz":0.1465832626,"ry":0,"rx":2.2900390625}}}
# Data Manager: Write
function animated_java:global/data_manager/write with storage animated_java:temp args