# This file was generated by Animated Java via MC-Build. It is not recommended to edit this file directly.
$data merge entity $(bone2) {transformation: [-1f,0f,0f,0f,0f,0.943f,-0.3329f,2.4134f,0f,-0.3329f,-0.943f,-0.6657f,0f,0f,0f,1f],start_interpolation: 0,interpolation_duration: 1}
$data merge entity $(bone3) {transformation: [-1f,0f,0f,0f,0f,0.9104f,0.4138f,2.1324f,0f,0.4138f,-0.9104f,-0.678f,0f,0f,0f,1f],start_interpolation: 0,interpolation_duration: 1}
$data merge entity $(bone1) {transformation: [-1f,0f,0f,0f,0f,0.999f,0.0436f,2.141f,0f,0.0436f,-0.999f,-0.8731f,0f,0f,0f,1f],start_interpolation: 0,interpolation_duration: 1}
$data merge entity $(bone) {transformation: [-1f,0f,0f,0f,0f,0.9848f,-0.1736f,1.4037f,0f,-0.1736f,-0.9848f,-0.7352f,0f,0f,0f,1f],start_interpolation: 0,interpolation_duration: 1}
$data merge entity $(bone4) {transformation: [-1f,0f,0f,0f,0f,0.8192f,-0.5736f,0.8661f,0f,-0.5736f,-0.8192f,-0.3588f,0f,0f,0f,1f],start_interpolation: 0,interpolation_duration: 1}
$data merge entity $(root) {transformation: [-1f,0f,0f,0f,0f,0.9239f,-0.3827f,0f,0f,-0.3827f,-0.9239f,0f,0f,0f,0f,1f],start_interpolation: 0,interpolation_duration: 1}
data modify storage animated_java:temp entry.data merge value {"cameras":{},"locators":{"entity_hitbox":{"px":0,"py":0,"pz":0,"ry":0,"rx":-22.5},"locator":{"px":0,"py":2.2870424365,"pz":0.0794862046,"ry":0,"rx":2.5}}}
# Data Manager: Write
function animated_java:global/data_manager/write with storage animated_java:temp args