# This file was generated by Animated Java via MC-Build. It is not recommended to edit this file directly.
$data merge entity $(bone2) {transformation: [-1f,0f,0f,0f,0f,0.9265f,-0.3764f,2.348f,0f,-0.3764f,-0.9265f,-0.8025f,0f,0f,0f,1f],start_interpolation: 0,interpolation_duration: 1}
$data merge entity $(bone3) {transformation: [-1f,0f,0f,0f,0f,0.8938f,0.4484f,2.067f,0f,0.4484f,-0.8938f,-0.8136f,0f,0f,0f,1f],start_interpolation: 0,interpolation_duration: 1}
$data merge entity $(bone1) {transformation: [-1f,0f,0f,0f,0f,0.9992f,0.0395f,2.0747f,0f,0.0395f,-0.9992f,-1.0088f,0f,0f,0f,1f],start_interpolation: 0,interpolation_duration: 1}
$data merge entity $(bone) {transformation: [-1f,0f,0f,0f,0f,0.9733f,-0.2297f,1.3466f,0f,-0.2297f,-0.9733f,-0.8289f,0f,0f,0f,1f],start_interpolation: 0,interpolation_duration: 1}
$data merge entity $(bone4) {transformation: [-1f,0f,0f,0f,0f,0.7636f,-0.6457f,0.8454f,0f,-0.6457f,-0.7636f,-0.4052f,0f,0f,0f,1f],start_interpolation: 0,interpolation_duration: 1}
$data merge entity $(root) {transformation: [-1f,0f,0f,0f,0f,0.9018f,-0.4322f,0f,0f,-0.4322f,-0.9018f,0f,0f,0f,0f,1f],start_interpolation: 0,interpolation_duration: 1}
data modify storage animated_java:temp entry.data merge value {"cameras":{},"locators":{"entity_hitbox":{"px":0,"py":0,"pz":0,"ry":0,"rx":-25.60546875},"locator":{"px":0,"py":2.2246896427,"pz":-0.0567886814,"ry":0,"rx":2.265625}}}
# Data Manager: Write
function animated_java:global/data_manager/write with storage animated_java:temp args