# This file was generated by Animated Java via MC-Build. It is not recommended to edit this file directly.
$data merge entity $(head) {transformation: [-0.9989f,0.0227f,0.0416f,0f,0.0279f,0.991f,0.1309f,1.4028f,-0.0383f,0.1319f,-0.9905f,-13.212f,0f,0f,0f,1f],start_interpolation: 0,interpolation_duration: 1}
$data merge entity $(right_arm) {transformation: [-0.9773f,0.1096f,-0.1812f,-0.2397f,0.1992f,0.7656f,-0.6117f,-1022.6284f,0.0717f,-0.6339f,-0.7701f,-13.321f,0f,0f,0f,1f],start_interpolation: 0,interpolation_duration: 1}
$data merge entity $(left_arm) {transformation: [-0.9951f,-0.0772f,0.0621f,0.2397f,0.0049f,0.5874f,0.8092f,-2046.6257f,-0.0989f,0.8056f,-0.5842f,-13.1218f,0f,0f,0f,1f],start_interpolation: 0,interpolation_duration: 1}
$data merge entity $(torso) {transformation: [-0.9914f,0f,0.1305f,0f,0.0393f,0.9537f,0.2981f,-3070.5972f,-0.1245f,0.3007f,-0.9456f,-13.212f,0f,0f,0f,1f],start_interpolation: 0,interpolation_duration: 1}
$data merge entity $(right_leg) {transformation: [-0.9848f,-0.133f,0.1116f,-0.125f,0.0522f,0.3862f,0.9209f,-4095.25f,-0.1656f,0.9128f,-0.3734f,-13.5f,0f,0f,0f,1f],start_interpolation: 0,interpolation_duration: 1}
$data merge entity $(left_leg) {transformation: [-0.9962f,0.0151f,-0.0858f,0.125f,0.0436f,0.9394f,-0.3401f,-5119.3125f,0.0755f,-0.3426f,-0.9364f,-13.3125f,0f,0f,0f,1f],start_interpolation: 0,interpolation_duration: 1}
$data merge entity $(door) {transformation: [-2f,0f,0f,0f,0f,2f,0f,2.8125f,0f,0f,-2f,0f,0f,0f,0f,1f],start_interpolation: 0,interpolation_duration: 1}
data modify storage animated_java:temp entry.data merge value {"cameras":{"camera":{"px":7.960204194457795e-16,"py":3.125,"pz":-6.5,"ry":180.00000000000003,"rx":17.500000000000014}},"locators":{}}
# Data Manager: Write
function animated_java:global/data_manager/write with storage animated_java:temp args
execute unless entity @s[tag=aj.transforms_only] at @s run function aj:entrance/animations/close/zzz/frames/0_root_function