# This file was generated by Animated Java via MC-Build. It is not recommended to edit this file directly.
$data merge entity $(head) {transformation: [-1f,0.002f,0.0001f,0f,0.002f,1f,-0.0088f,1.4375f,-0.0001f,-0.0088f,-1f,-5.5457f,0f,0f,0f,1f],start_interpolation: 0,interpolation_duration: 1}
$data merge entity $(right_arm) {transformation: [-1f,-0.0001f,0.0033f,-0.25f,-0.0001f,1f,-0.0067f,-1022.5625f,-0.0033f,-0.0067f,-1f,-5.5457f,0f,0f,0f,1f],start_interpolation: 0,interpolation_duration: 1}
$data merge entity $(left_arm) {transformation: [-1f,0.0037f,0f,0.25f,0.0037f,0.9995f,-0.03f,-2046.5625f,-0.0001f,-0.03f,-0.9995f,-5.5457f,0f,0f,0f,1f],start_interpolation: 0,interpolation_duration: 1}
$data merge entity $(torso) {transformation: [-1f,0f,0f,0f,0f,1f,-0.0079f,-3070.5625f,0f,-0.0079f,-1f,-5.5457f,0f,0f,0f,1f],start_interpolation: -1,interpolation_duration: 0}
$data merge entity $(right_leg) {transformation: [-1f,-0.0002f,-0.0002f,-0.125f,-0.0002f,0.9999f,-0.0112f,-4095.25f,0.0002f,-0.0112f,-0.9999f,-5.5403f,0f,0f,0f,1f],start_interpolation: -1,interpolation_duration: 0}
$data merge entity $(left_leg) {transformation: [-1f,0.0001f,0f,0.125f,0.0001f,1f,-0.0062f,-5119.25f,0f,-0.0062f,-1f,-5.5403f,0f,0f,0f,1f],start_interpolation: -1,interpolation_duration: 0}
$data merge entity $(door) {transformation: [-2f,0f,0f,0f,0f,2f,0f,2.8132f,0f,0f,-2f,0f,0f,0f,0f,1f],start_interpolation: 0,interpolation_duration: 1}
data modify storage animated_java:temp entry.data merge value {"cameras":{"camera":{"px":9.46226245875569e-16,"py":3.619576662165638,"pz":-7.726523651834706,"ry":0,"rx":12.608935613854598}},"locators":{}}
# Data Manager: Write
function animated_java:global/data_manager/write with storage animated_java:temp args