# This file was generated by Animated Java via MC-Build. It is not recommended to edit this file directly.
$data merge entity $(head) {transformation: [-1f,0.0016f,0.0001f,0f,0.0016f,1f,-0.0086f,1.4375f,-0.0001f,-0.0086f,-1f,-5.5506f,0f,0f,0f,1f],start_interpolation: 0,interpolation_duration: 1}
$data merge entity $(right_arm) {transformation: [-1f,0f,0.0027f,-0.25f,-0.0001f,1f,-0.0069f,-1022.5625f,-0.0027f,-0.0069f,-1f,-5.5506f,0f,0f,0f,1f],start_interpolation: 0,interpolation_duration: 1}
$data merge entity $(left_arm) {transformation: [-1f,0.003f,0f,0.25f,0.003f,0.9997f,-0.0261f,-2046.5625f,0f,-0.0261f,-0.9997f,-5.5506f,0f,0f,0f,1f],start_interpolation: 0,interpolation_duration: 1}
$data merge entity $(torso) {transformation: [-1f,0f,0f,0f,0f,1f,-0.0079f,-3070.5625f,0f,-0.0079f,-1f,-5.5506f,0f,0f,0f,1f],start_interpolation: -1,interpolation_duration: 0}
$data merge entity $(right_leg) {transformation: [-1f,-0.0001f,-0.0001f,-0.125f,-0.0001f,0.9999f,-0.0107f,-4095.25f,0.0001f,-0.0107f,-0.9999f,-5.5452f,0f,0f,0f,1f],start_interpolation: -1,interpolation_duration: 0}
$data merge entity $(left_leg) {transformation: [-1f,0.0001f,0f,0.125f,0.0001f,1f,-0.0062f,-5119.25f,0f,-0.0062f,-1f,-5.5452f,0f,0f,0f,1f],start_interpolation: -1,interpolation_duration: 0}
$data merge entity $(door) {transformation: [-2f,0f,0f,0f,0f,2f,0f,2.8132f,0f,0f,-2f,0f,0f,0f,0f,1f],start_interpolation: 0,interpolation_duration: 1}
data modify storage animated_java:temp entry.data merge value {"cameras":{"camera":{"px":9.467234302858024e-16,"py":3.620488604776938,"pz":-7.730583470637805,"ry":0,"rx":12.590558064069828}},"locators":{}}
# Data Manager: Write
function animated_java:global/data_manager/write with storage animated_java:temp args