# This file was generated by Animated Java via MC-Build. It is not recommended to edit this file directly.
$data merge entity $(head) {transformation: [-0.9985f,0.0182f,0.0512f,0f,0.0248f,0.9912f,0.1304f,1.4026f,-0.0483f,0.1315f,-0.9901f,-13.1104f,0f,0f,0f,1f],start_interpolation: 0,interpolation_duration: 1}
$data merge entity $(right_arm) {transformation: [-0.9803f,0.1045f,-0.1677f,-0.2429f,0.1701f,0.8784f,-0.4466f,-1022.6249f,0.1006f,-0.4663f,-0.8789f,-13.2032f,0f,0f,0f,1f],start_interpolation: 0,interpolation_duration: 1}
$data merge entity $(left_arm) {transformation: [-0.9946f,-0.0843f,0.0601f,0.2438f,-0.0223f,0.741f,0.6711f,-2046.6269f,-0.1011f,0.6662f,-0.7389f,-13.0443f,0f,0f,0f,1f],start_interpolation: 0,interpolation_duration: 1}
$data merge entity $(torso) {transformation: [-0.9945f,0f,0.1048f,0f,0.0316f,0.9535f,0.2997f,-3070.5974f,-0.0999f,0.3014f,-0.9482f,-13.1104f,0f,0f,0f,1f],start_interpolation: 0,interpolation_duration: 1}
$data merge entity $(right_leg) {transformation: [-0.9848f,-0.1088f,0.1354f,-0.125f,0.0522f,0.5579f,0.8282f,-4095.2582f,-0.1656f,0.8227f,-0.5438f,-13.3824f,0f,0f,0f,1f],start_interpolation: 0,interpolation_duration: 1}
$data merge entity $(left_leg) {transformation: [-0.9971f,0.025f,-0.0719f,0.125f,0.0355f,0.9884f,-0.1478f,-5119.3125f,0.0674f,-0.15f,-0.9864f,-13.2279f,0f,0f,0f,1f],start_interpolation: 0,interpolation_duration: 1}
$data merge entity $(door) {transformation: [-2f,0f,0f,0f,0f,2f,0f,2.8136f,0f,0f,-2f,0f,0f,0f,0f,1f],start_interpolation: 0,interpolation_duration: 1}
data modify storage animated_java:temp entry.data merge value {"cameras":{"camera":{"px":0.015432098765432885,"py":3.0477537722908092,"pz":-6.422410836762689,"ry":179.76338062205954,"rx":16.40453399617698}},"locators":{}}
# Data Manager: Write
function animated_java:global/data_manager/write with storage animated_java:temp args