# This file was generated by Animated Java via MC-Build. It is not recommended to edit this file directly.
$data merge entity $(head) {transformation: [-0.9943f,0.1067f,-0.003f,0f,0.1001f,0.9222f,-0.3736f,1.3682f,-0.0371f,-0.3718f,-0.9276f,-4.4715f,0f,0f,0f,1f],start_interpolation: 0,interpolation_duration: 1}
$data merge entity $(right_arm) {transformation: [-0.9828f,-0.0617f,0.1738f,-0.25f,-0.1045f,0.9628f,-0.249f,-1022.6318f,-0.152f,-0.2629f,-0.9528f,-4.4715f,0f,0f,0f,1f],start_interpolation: 0,interpolation_duration: 1}
$data merge entity $(left_arm) {transformation: [-0.9653f,0.1464f,-0.2163f,0.25f,0.2165f,-0.0145f,-0.9762f,-2046.6318f,-0.146f,-0.9891f,-0.0177f,-4.4715f,0f,0f,0f,1f],start_interpolation: 0,interpolation_duration: 1}
$data merge entity $(torso) {transformation: [-1f,0f,0f,0f,0f,0.9518f,-0.3067f,-3070.6318f,0f,-0.3067f,-0.9518f,-4.4715f,0f,0f,0f,1f],start_interpolation: 0,interpolation_duration: 1}
$data merge entity $(right_leg) {transformation: [-0.999f,-0.0382f,-0.0249f,-0.125f,-0.022f,0.8813f,-0.4721f,-4095.2861f,0.04f,-0.4711f,-0.8812f,-4.2606f,0f,0f,0f,1f],start_interpolation: 0,interpolation_duration: 1}
$data merge entity $(left_leg) {transformation: [-0.9994f,0.0333f,0.0133f,0.125f,0.0303f,0.9833f,-0.1796f,-5119.2861f,-0.0191f,-0.1791f,-0.9836f,-4.2606f,0f,0f,0f,1f],start_interpolation: 0,interpolation_duration: 1}
data modify storage animated_java:temp entry.data merge value {"cameras":{"camera":{"px":7.927630094628404e-16,"py":3.3570209376422393,"pz":-6.473401228948566,"ry":0,"rx":17.944924897587622}},"locators":{}}
# Data Manager: Write
function animated_java:global/data_manager/write with storage animated_java:temp args