# This file was generated by Animated Java via MC-Build. It is not recommended to edit this file directly.
$data merge entity $(head) {transformation: [-0.9997f,0.0242f,0.0006f,0f,0.0239f,0.9912f,-0.13f,1.4286f,-0.0037f,-0.13f,-0.9915f,-5.3759f,0f,0f,0f,1f],start_interpolation: 0,interpolation_duration: 1}
$data merge entity $(right_arm) {transformation: [-0.999f,-0.0179f,0.04f,-0.25f,-0.0219f,0.9945f,-0.1023f,-1022.5714f,-0.038f,-0.1031f,-0.994f,-5.3759f,0f,0f,0f,1f],start_interpolation: 0,interpolation_duration: 1}
$data merge entity $(left_arm) {transformation: [-0.9977f,0.0676f,0.0048f,0.25f,0.0604f,0.919f,-0.3896f,-2046.5714f,-0.0308f,-0.3884f,-0.921f,-5.3759f,0f,0f,0f,1f],start_interpolation: 0,interpolation_duration: 1}
$data merge entity $(torso) {transformation: [-1f,0f,0f,0f,0f,0.9938f,-0.1113f,-3070.5714f,0f,-0.1113f,-0.9938f,-5.3759f,0f,0f,0f,1f],start_interpolation: 0,interpolation_duration: 1}
$data merge entity $(right_leg) {transformation: [-0.9999f,-0.0105f,-0.0091f,-0.125f,-0.009f,0.9884f,-0.1516f,-4095.2547f,0.0106f,-0.1515f,-0.9884f,-5.2994f,0f,0f,0f,1f],start_interpolation: 0,interpolation_duration: 1}
$data merge entity $(left_leg) {transformation: [-0.9999f,0.0105f,0.003f,0.125f,0.0102f,0.9968f,-0.0798f,-5119.2547f,-0.0039f,-0.0798f,-0.9968f,-5.2994f,0f,0f,0f,1f],start_interpolation: 0,interpolation_duration: 1}
$data merge entity $(door) {transformation: [-2f,0f,0f,0f,0f,2f,0f,2.8665f,0f,0f,-2f,0f,0f,0f,0f,1f],start_interpolation: 0,interpolation_duration: 1}
data modify storage animated_java:temp entry.data merge value {"cameras":{"camera":{"px":9.137345234994646e-16,"py":3.5673635654722227,"pz":-7.461208604273837,"ry":0,"rx":13.678669802658888}},"locators":{}}
# Data Manager: Write
function animated_java:global/data_manager/write with storage animated_java:temp args