# This file was generated by Animated Java via MC-Build. It is not recommended to edit this file directly.
$data merge entity $(head) {transformation: [-0.9995f,0.0305f,0.0006f,0f,0.0302f,0.9903f,-0.1358f,1.4286f,-0.0047f,-0.1357f,-0.9907f,-5.2852f,0f,0f,0f,1f],start_interpolation: 0,interpolation_duration: 1}
$data merge entity $(right_arm) {transformation: [-0.9984f,-0.0243f,0.0504f,-0.25f,-0.0293f,0.9945f,-0.1002f,-1022.5714f,-0.0477f,-0.1016f,-0.9937f,-5.2852f,0f,0f,0f,1f],start_interpolation: 0,interpolation_duration: 1}
$data merge entity $(left_arm) {transformation: [-0.9961f,0.0881f,0.001f,0.25f,0.0778f,0.8847f,-0.4597f,-2046.5714f,-0.0414f,-0.4578f,-0.8881f,-5.2852f,0f,0f,0f,1f],start_interpolation: 0,interpolation_duration: 1}
$data merge entity $(torso) {transformation: [-1f,0f,0f,0f,0f,0.9938f,-0.1113f,-3070.5714f,0f,-0.1113f,-0.9938f,-5.2852f,0f,0f,0f,1f],start_interpolation: 0,interpolation_duration: 1}
$data merge entity $(right_leg) {transformation: [-0.9998f,-0.0142f,-0.0121f,-0.125f,-0.012f,0.9867f,-0.1622f,-4095.2547f,0.0142f,-0.162f,-0.9867f,-5.2087f,0f,0f,0f,1f],start_interpolation: 0,interpolation_duration: 1}
$data merge entity $(left_leg) {transformation: [-0.9999f,0.0105f,0.003f,0.125f,0.0102f,0.9968f,-0.0798f,-5119.2547f,-0.0039f,-0.0798f,-0.9968f,-5.2087f,0f,0f,0f,1f],start_interpolation: 0,interpolation_duration: 1}
$data merge entity $(door) {transformation: [-2f,0f,0f,0f,0f,2f,0f,2.8665f,0f,0f,-2f,0f,0f,0f,0f,1f],start_interpolation: 0,interpolation_duration: 1}
data modify storage animated_java:temp entry.data merge value {"cameras":{"camera":{"px":9.044789365513364e-16,"py":3.55322466563786,"pz":-7.385631001371742,"ry":0,"rx":13.970336076817562}},"locators":{}}
# Data Manager: Write
function animated_java:global/data_manager/write with storage animated_java:temp args