# This file was generated by Animated Java via MC-Build. It is not recommended to edit this file directly.
$data merge entity $(head) {transformation: [-0.9977f,-0.0185f,0.0651f,-0.0021f,0.0277f,0.7663f,0.6419f,1.4141f,-0.0618f,0.6422f,-0.764f,-1.4899f,0f,0f,0f,1f],start_interpolation: 0,interpolation_duration: 1}
$data merge entity $(right_arm) {transformation: [-0.8963f,0.0792f,0.4363f,-0.2514f,0.0375f,0.9939f,-0.1033f,-1022.6491f,-0.4419f,-0.0762f,-0.8938f,-1.4736f,0f,0f,0f,1f],start_interpolation: 0,interpolation_duration: 1}
$data merge entity $(left_arm) {transformation: [-0.9779f,-0.1659f,-0.1275f,0.2475f,-0.1743f,0.983f,0.0571f,-2046.6477f,0.1158f,0.078f,-0.9902f,-1.5063f,0f,0f,0f,1f],start_interpolation: 0,interpolation_duration: 1}
$data merge entity $(torso) {transformation: [-0.9979f,-0.0028f,-0.0653f,-0.0021f,-0.0029f,1f,0.0005f,-3070.5859f,0.0653f,0.0007f,-0.9979f,-1.4899f,0f,0f,0f,1f],start_interpolation: 0,interpolation_duration: 1}
$data merge entity $(right_leg) {transformation: [-0.9524f,0.0752f,-0.2953f,-0.125f,0.1171f,0.985f,-0.1268f,-4095.3359f,0.2813f,-0.1553f,-0.947f,-1.4904f,0f,0f,0f,1f],start_interpolation: 0,interpolation_duration: 1}
$data merge entity $(left_leg) {transformation: [-0.9646f,-0.2235f,0.1402f,0.125f,-0.2095f,0.9718f,0.1079f,-5119.3521f,-0.1604f,0.0747f,-0.9842f,-1.5508f,0f,0f,0f,1f],start_interpolation: 0,interpolation_duration: 1}
data modify storage animated_java:temp entry.data merge value {"cameras":{"camera":{"px":1.609564076395977,"py":2.0702179618020122,"pz":-4.052868493949556,"ry":109.93147689167515,"rx":2.499999999999998}},"locators":{}}
# Data Manager: Write
function animated_java:global/data_manager/write with storage animated_java:temp args