# This file was generated by Animated Java via MC-Build. It is not recommended to edit this file directly.
$data merge entity $(head) {transformation: [-0.9996f,0.0274f,0.0006f,0f,0.027f,0.9887f,-0.1473f,1.4261f,-0.0046f,-0.1472f,-0.9891f,-5.3507f,0f,0f,0f,1f],start_interpolation: 0,interpolation_duration: 1}
$data merge entity $(right_arm) {transformation: [-0.9987f,-0.0212f,0.0453f,-0.25f,-0.0263f,0.9929f,-0.1157f,-1022.5739f,-0.0425f,-0.1167f,-0.9923f,-5.3507f,0f,0f,0f,1f],start_interpolation: 0,interpolation_duration: 1}
$data merge entity $(left_arm) {transformation: [-0.9969f,0.078f,0.0033f,0.25f,0.0687f,0.8961f,-0.4385f,-2046.5739f,-0.0371f,-0.4369f,-0.8987f,-5.3507f,0f,0f,0f,1f],start_interpolation: 0,interpolation_duration: 1}
$data merge entity $(torso) {transformation: [-1f,0f,0f,0f,0f,0.9921f,-0.1257f,-3070.5739f,0f,-0.1257f,-0.9921f,-5.3507f,0f,0f,0f,1f],start_interpolation: 0,interpolation_duration: 1}
$data merge entity $(right_leg) {transformation: [-0.9999f,-0.0123f,-0.0106f,-0.125f,-0.0103f,0.9852f,-0.1713f,-4095.2559f,0.0126f,-0.1711f,-0.9852f,-5.2643f,0f,0f,0f,1f],start_interpolation: 0,interpolation_duration: 1}
$data merge entity $(left_leg) {transformation: [-0.9999f,0.0123f,0.0036f,0.125f,0.0119f,0.9959f,-0.0898f,-5119.2559f,-0.0047f,-0.0897f,-0.996f,-5.2643f,0f,0f,0f,1f],start_interpolation: 0,interpolation_duration: 1}
$data merge entity $(door) {transformation: [-2f,0f,0f,0f,0f,2f,0f,2.876f,0f,0f,-2f,0f,0f,0f,0f,1f],start_interpolation: 0,interpolation_duration: 1}
data modify storage animated_java:temp entry.data merge value {"cameras":{"camera":{"px":9.09046233543983e-16,"py":3.5601991019658645,"pz":-7.422925811563761,"ry":0,"rx":13.826455532217292}},"locators":{}}
# Data Manager: Write
function animated_java:global/data_manager/write with storage animated_java:temp args