# This file was generated by Animated Java via MC-Build. It is not recommended to edit this file directly.
$data merge entity $(head) {transformation: [-0.9932f,0.1164f,-0.0028f,0f,0.1074f,0.9067f,-0.4078f,1.3491f,-0.0449f,-0.4053f,-0.9131f,-4.3878f,0f,0f,0f,1f],start_interpolation: 0,interpolation_duration: 1}
$data merge entity $(right_arm) {transformation: [-0.9805f,-0.0499f,0.1898f,-0.25f,-0.1022f,0.9554f,-0.2772f,-1022.6509f,-0.1675f,-0.2912f,-0.9419f,-4.3878f,0f,0f,0f,1f],start_interpolation: 0,interpolation_duration: 1}
$data merge entity $(left_arm) {transformation: [-0.9663f,0.1063f,-0.2345f,0.25f,0.2187f,-0.1417f,-0.9654f,-2046.6509f,-0.1359f,-0.9842f,0.1137f,-4.3878f,0f,0f,0f,1f],start_interpolation: 0,interpolation_duration: 1}
$data merge entity $(torso) {transformation: [-1f,0f,0f,0f,0f,0.9385f,-0.3453f,-3070.6509f,0f,-0.3453f,-0.9385f,-4.3878f,0f,0f,0f,1f],start_interpolation: 0,interpolation_duration: 1}
$data merge entity $(right_leg) {transformation: [-0.9993f,-0.0312f,-0.0196f,-0.125f,-0.0164f,0.8533f,-0.5212f,-4095.2961f,0.033f,-0.5205f,-0.8532f,-4.1504f,0f,0f,0f,1f],start_interpolation: 0,interpolation_duration: 1}
$data merge entity $(left_leg) {transformation: [-0.9996f,0.0268f,0.0109f,0.125f,0.0238f,0.9764f,-0.2146f,-5119.2961f,-0.0164f,-0.2143f,-0.9766f,-4.1504f,0f,0f,0f,1f],start_interpolation: 0,interpolation_duration: 1}
$data merge entity $(door) {transformation: [-2f,0f,0f,0f,0f,2f,0f,3.0142f,0f,0f,-2f,0f,0f,0f,0f,1f],start_interpolation: 0,interpolation_duration: 1}
data modify storage animated_java:temp entry.data merge value {"cameras":{"camera":{"px":7.785662761147366e-16,"py":3.3217740100136552,"pz":-6.357476103777879,"ry":0,"rx":18.63336367774238}},"locators":{}}
# Data Manager: Write
function animated_java:global/data_manager/write with storage animated_java:temp args