# This file was generated by Animated Java via MC-Build. It is not recommended to edit this file directly.
$data merge entity $(head) {transformation: [-0.9994f,0.0346f,0.0005f,0f,0.0341f,0.9875f,-0.1538f,1.4261f,-0.0058f,-0.1537f,-0.9881f,-5.2476f,0f,0f,0f,1f],start_interpolation: 0,interpolation_duration: 1}
$data merge entity $(right_arm) {transformation: [-0.998f,-0.0285f,0.0571f,-0.25f,-0.0348f,0.993f,-0.1133f,-1022.5739f,-0.0535f,-0.115f,-0.9919f,-5.2476f,0f,0f,0f,1f],start_interpolation: 0,interpolation_duration: 1}
$data merge entity $(left_arm) {transformation: [-0.9949f,0.1011f,-0.0032f,0.25f,0.0882f,0.8522f,-0.5157f,-2046.5739f,-0.0495f,-0.5134f,-0.8567f,-5.2476f,0f,0f,0f,1f],start_interpolation: 0,interpolation_duration: 1}
$data merge entity $(torso) {transformation: [-1f,0f,0f,0f,0f,0.9921f,-0.1257f,-3070.5739f,0f,-0.1257f,-0.9921f,-5.2476f,0f,0f,0f,1f],start_interpolation: 0,interpolation_duration: 1}
$data merge entity $(right_leg) {transformation: [-0.9998f,-0.0166f,-0.0139f,-0.125f,-0.0138f,0.983f,-0.1833f,-4095.2559f,0.0167f,-0.183f,-0.983f,-5.1612f,0f,0f,0f,1f],start_interpolation: 0,interpolation_duration: 1}
$data merge entity $(left_leg) {transformation: [-0.9999f,0.0123f,0.0036f,0.125f,0.0119f,0.9959f,-0.0898f,-5119.2559f,-0.0047f,-0.0897f,-0.996f,-5.1612f,0f,0f,0f,1f],start_interpolation: 0,interpolation_duration: 1}
$data merge entity $(door) {transformation: [-2f,0f,0f,0f,0f,2f,0f,2.876f,0f,0f,-2f,0f,0f,0f,0f,1f],start_interpolation: 0,interpolation_duration: 1}
data modify storage animated_java:temp entry.data merge value {"cameras":{"camera":{"px":8.985279250738376e-16,"py":3.5441241480195473,"pz":-7.337037304955418,"ry":0,"rx":14.15803969478738}},"locators":{}}
# Data Manager: Write
function animated_java:global/data_manager/write with storage animated_java:temp args