# This file was generated by Animated Java via MC-Build. It is not recommended to edit this file directly.
$data merge entity $(head) {transformation: [-0.9997f,0.0227f,-0.002f,0f,0.0222f,0.991f,0.132f,1.4028f,0.0049f,0.1319f,-0.9912f,-11.6155f,0f,0f,0f,1f],start_interpolation: 0,interpolation_duration: 1}
$data merge entity $(right_arm) {transformation: [-0.9773f,0.1096f,-0.1812f,-0.2397f,0.1992f,0.7656f,-0.6117f,-1022.6284f,0.0717f,-0.6339f,-0.7701f,-11.7245f,0f,0f,0f,1f],start_interpolation: 0,interpolation_duration: 1}
$data merge entity $(left_arm) {transformation: [-0.9951f,-0.0772f,0.0621f,0.2397f,0.0049f,0.5874f,0.8092f,-2046.6257f,-0.0989f,0.8056f,-0.5842f,-11.5253f,0f,0f,0f,1f],start_interpolation: 0,interpolation_duration: 1}
$data merge entity $(torso) {transformation: [-0.9914f,0f,0.1305f,0f,0.0393f,0.9537f,0.2981f,-3070.5972f,-0.1245f,0.3007f,-0.9456f,-11.6155f,0f,0f,0f,1f],start_interpolation: 0,interpolation_duration: 1}
$data merge entity $(right_leg) {transformation: [-0.9848f,-0.133f,0.1116f,-0.125f,0.0522f,0.3862f,0.9209f,-4095.25f,-0.1656f,0.9128f,-0.3734f,-11.9035f,0f,0f,0f,1f],start_interpolation: 0,interpolation_duration: 1}
$data merge entity $(left_leg) {transformation: [-0.9962f,0.0298f,-0.0819f,0.125f,0.0436f,0.9842f,-0.1719f,-5119.3125f,0.0755f,-0.1748f,-0.9817f,-11.716f,0f,0f,0f,1f],start_interpolation: 0,interpolation_duration: 1}
$data merge entity $(door) {transformation: [-2f,0f,0f,0f,0f,2f,0f,2.9077f,0f,0f,-2f,0f,0f,0f,0f,1f],start_interpolation: 0,interpolation_duration: 1}
data modify storage animated_java:temp entry.data merge value {"cameras":{"camera":{"px":-0.3241067364588065,"py":2.010241238051889,"pz":-5.362625170687301,"ry":183.24893095219602,"rx":1.7641293425827516}},"locators":{}}
# Data Manager: Write
function animated_java:global/data_manager/write with storage animated_java:temp args