# This file was generated by Animated Java via MC-Build. It is not recommended to edit this file directly.
$data merge entity $(head) {transformation: [-0.9995f,0.0307f,0.0006f,0f,0.0302f,0.9858f,-0.1651f,1.4232f,-0.0056f,-0.165f,-0.9863f,-5.3246f,0f,0f,0f,1f],start_interpolation: 0,interpolation_duration: 1}
$data merge entity $(right_arm) {transformation: [-0.9984f,-0.0245f,0.0508f,-0.25f,-0.0309f,0.9911f,-0.1295f,-1022.5768f,-0.0471f,-0.1308f,-0.9903f,-5.3246f,0f,0f,0f,1f],start_interpolation: 0,interpolation_duration: 1}
$data merge entity $(left_arm) {transformation: [-0.9961f,0.0887f,0.0008f,0.25f,0.0771f,0.8696f,-0.4877f,-2046.5768f,-0.044f,-0.4857f,-0.873f,-5.3246f,0f,0f,0f,1f],start_interpolation: 0,interpolation_duration: 1}
$data merge entity $(torso) {transformation: [-1f,0f,0f,0f,0f,0.9901f,-0.1406f,-3070.5768f,0f,-0.1406f,-0.9901f,-5.3246f,0f,0f,0f,1f],start_interpolation: 0,interpolation_duration: 1}
$data merge entity $(right_leg) {transformation: [-0.9998f,-0.0143f,-0.0122f,-0.125f,-0.0117f,0.9814f,-0.1915f,-4095.2574f,0.0147f,-0.1914f,-0.9814f,-5.228f,0f,0f,0f,1f],start_interpolation: 0,interpolation_duration: 1}
$data merge entity $(left_leg) {transformation: [-0.9999f,0.0141f,0.0042f,0.125f,0.0136f,0.9949f,-0.1001f,-5119.2574f,-0.0056f,-0.1001f,-0.995f,-5.228f,0f,0f,0f,1f],start_interpolation: 0,interpolation_duration: 1}
$data merge entity $(door) {transformation: [-2f,0f,0f,0f,0f,2f,0f,2.8858f,0f,0f,-2f,0f,0f,0f,0f,1f],start_interpolation: 0,interpolation_duration: 1}
data modify storage animated_java:temp entry.data merge value {"cameras":{"camera":{"px":9.04206320248052e-16,"py":3.552808243299332,"pz":-7.383404920321481,"ry":0,"rx":13.978926383840417}},"locators":{}}
# Data Manager: Write
function animated_java:global/data_manager/write with storage animated_java:temp args