# This file was generated by Animated Java via MC-Build. It is not recommended to edit this file directly.
$data merge entity $(head) {transformation: [-0.9992f,0.0388f,0.0004f,0f,0.0381f,0.9843f,-0.1724f,1.4232f,-0.0071f,-0.1723f,-0.985f,-5.209f,0f,0f,0f,1f],start_interpolation: 0,interpolation_duration: 1}
$data merge entity $(right_arm) {transformation: [-0.9974f,-0.0327f,0.064f,-0.25f,-0.0406f,0.9911f,-0.1266f,-1022.5768f,-0.0593f,-0.1289f,-0.9899f,-5.209f,0f,0f,0f,1f],start_interpolation: 0,interpolation_duration: 1}
$data merge entity $(left_arm) {transformation: [-0.9934f,0.1141f,-0.0088f,0.25f,0.0987f,0.8149f,-0.5712f,-2046.5768f,-0.058f,-0.5683f,-0.8208f,-5.209f,0f,0f,0f,1f],start_interpolation: 0,interpolation_duration: 1}
$data merge entity $(torso) {transformation: [-1f,0f,0f,0f,0f,0.9901f,-0.1406f,-3070.5768f,0f,-0.1406f,-0.9901f,-5.209f,0f,0f,0f,1f],start_interpolation: 0,interpolation_duration: 1}
$data merge entity $(right_leg) {transformation: [-0.9997f,-0.0191f,-0.0158f,-0.125f,-0.0154f,0.9786f,-0.205f,-4095.2574f,0.0194f,-0.2047f,-0.9786f,-5.1124f,0f,0f,0f,1f],start_interpolation: 0,interpolation_duration: 1}
$data merge entity $(left_leg) {transformation: [-0.9999f,0.0141f,0.0042f,0.125f,0.0136f,0.9949f,-0.1001f,-5119.2574f,-0.0056f,-0.1001f,-0.995f,-5.1124f,0f,0f,0f,1f],start_interpolation: 0,interpolation_duration: 1}
$data merge entity $(door) {transformation: [-2f,0f,0f,0f,0f,2f,0f,2.8858f,0f,0f,-2f,0f,0f,0f,0f,1f],start_interpolation: 0,interpolation_duration: 1}
data modify storage animated_java:temp entry.data merge value {"cameras":{"camera":{"px":8.92404658267562e-16,"py":3.5347222222222223,"pz":-7.287037037037037,"ry":0,"rx":14.351851851851851}},"locators":{}}
# Data Manager: Write
function animated_java:global/data_manager/write with storage animated_java:temp args