# This file was generated by Animated Java via MC-Build. It is not recommended to edit this file directly.
$data merge entity $(head) {transformation: [-0.9996f,0.0201f,0.0178f,0f,0.0223f,0.9912f,0.1305f,1.4027f,-0.015f,0.1309f,-0.9913f,-11.4252f,0f,0f,0f,1f],start_interpolation: 0,interpolation_duration: 1}
$data merge entity $(right_arm) {transformation: [-0.9792f,0.1069f,-0.1725f,-0.2416f,0.1829f,0.8332f,-0.5219f,-1022.6264f,0.0879f,-0.5426f,-0.8354f,-11.5251f,0f,0f,0f,1f],start_interpolation: 0,interpolation_duration: 1}
$data merge entity $(left_arm) {transformation: [-0.9949f,-0.0807f,0.0603f,0.2421f,-0.0104f,0.6774f,0.7356f,-2046.6264f,-0.1002f,0.7312f,-0.6748f,-11.3485f,0f,0f,0f,1f],start_interpolation: 0,interpolation_duration: 1}
$data merge entity $(torso) {transformation: [-0.9932f,0f,0.1161f,0f,0.035f,0.9536f,0.2991f,-3070.5973f,-0.1107f,0.3011f,-0.9471f,-11.4252f,0f,0f,0f,1f],start_interpolation: 0,interpolation_duration: 1}
$data merge entity $(right_leg) {transformation: [-0.9848f,-0.12f,0.1255f,-0.125f,0.0522f,0.4849f,0.873f,-4095.2546f,-0.1656f,0.8663f,-0.4712f,-11.7043f,0f,0f,0f,1f],start_interpolation: 0,interpolation_duration: 1}
$data merge entity $(left_leg) {transformation: [-0.9967f,0.0298f,-0.0753f,0.125f,0.039f,0.9915f,-0.1244f,-5119.3207f,0.0709f,-0.1269f,-0.9894f,-11.5353f,0f,0f,0f,1f],start_interpolation: 0,interpolation_duration: 1}
$data merge entity $(door) {transformation: [-2f,0f,0f,0f,0f,2f,0f,2.9211f,0f,0f,-2f,0f,0f,0f,0f,1f],start_interpolation: 0,interpolation_duration: 1}
data modify storage animated_java:temp entry.data merge value {"cameras":{"camera":{"px":-0.5517467000455154,"py":2.0027594446973147,"pz":-5.32902822030041,"ry":184.9632574884123,"rx":1.6165734821301074}},"locators":{}}
# Data Manager: Write
function animated_java:global/data_manager/write with storage animated_java:temp args