# This file was generated by Animated Java via MC-Build. It is not recommended to edit this file directly.
$data merge entity $(head) {transformation: [-0.9994f,0.0341f,0.0005f,0f,0.0334f,0.9825f,-0.1835f,1.4199f,-0.0068f,-0.1833f,-0.983f,-5.2979f,0f,0f,0f,1f],start_interpolation: 0,interpolation_duration: 1}
$data merge entity $(right_arm) {transformation: [-0.998f,-0.028f,0.0563f,-0.25f,-0.0359f,0.989f,-0.1436f,-1022.5801f,-0.0517f,-0.1454f,-0.988f,-5.2979f,0f,0f,0f,1f],start_interpolation: 0,interpolation_duration: 1}
$data merge entity $(left_arm) {transformation: [-0.995f,0.0996f,-0.0026f,0.25f,0.0854f,0.8394f,-0.5367f,-2046.5801f,-0.0513f,-0.5342f,-0.8438f,-5.2979f,0f,0f,0f,1f],start_interpolation: 0,interpolation_duration: 1}
$data merge entity $(torso) {transformation: [-1f,0f,0f,0f,0f,0.9878f,-0.1559f,-3070.5801f,0f,-0.1559f,-0.9878f,-5.2979f,0f,0f,0f,1f],start_interpolation: 0,interpolation_duration: 1}
$data merge entity $(right_leg) {transformation: [-0.9998f,-0.0163f,-0.0137f,-0.125f,-0.013f,0.9771f,-0.2124f,-4095.2592f,0.0169f,-0.2121f,-0.9771f,-5.1907f,0f,0f,0f,1f],start_interpolation: 0,interpolation_duration: 1}
$data merge entity $(left_leg) {transformation: [-0.9999f,0.016f,0.0049f,0.125f,0.0154f,0.9937f,-0.1108f,-5119.2592f,-0.0066f,-0.1107f,-0.9938f,-5.1907f,0f,0f,0f,1f],start_interpolation: 0,interpolation_duration: 1}
$data merge entity $(door) {transformation: [-2f,0f,0f,0f,0f,2f,0f,2.896f,0f,0f,-2f,0f,0f,0f,0f,1f],start_interpolation: 0,interpolation_duration: 1}
data modify storage animated_java:temp entry.data merge value {"cameras":{"camera":{"px":8.992292239298098e-16,"py":3.5451980643213803,"pz":-7.34276384469292,"ry":0,"rx":14.135893694894788}},"locators":{}}
# Data Manager: Write
function animated_java:global/data_manager/write with storage animated_java:temp args