# This file was generated by Animated Java via MC-Build. It is not recommended to edit this file directly.
$data merge entity $(head) {transformation: [-0.9991f,0.0431f,0.0003f,0f,0.0422f,0.9806f,-0.1914f,1.4199f,-0.0086f,-0.1912f,-0.9815f,-5.1696f,0f,0f,0f,1f],start_interpolation: 0,interpolation_duration: 1}
$data merge entity $(right_arm) {transformation: [-0.9968f,-0.037f,0.071f,-0.25f,-0.0467f,0.989f,-0.1403f,-1022.5801f,-0.065f,-0.1431f,-0.9876f,-5.1696f,0f,0f,0f,1f],start_interpolation: 0,interpolation_duration: 1}
$data merge entity $(left_arm) {transformation: [-0.9918f,0.1268f,-0.0161f,0.25f,0.1089f,0.7728f,-0.6252f,-2046.5801f,-0.0669f,-0.6218f,-0.7803f,-5.1696f,0f,0f,0f,1f],start_interpolation: 0,interpolation_duration: 1}
$data merge entity $(torso) {transformation: [-1f,0f,0f,0f,0f,0.9878f,-0.1559f,-3070.5801f,0f,-0.1559f,-0.9878f,-5.1696f,0f,0f,0f,1f],start_interpolation: 0,interpolation_duration: 1}
$data merge entity $(right_leg) {transformation: [-0.9996f,-0.0216f,-0.0176f,-0.125f,-0.017f,0.9737f,-0.2272f,-4095.2592f,0.022f,-0.2268f,-0.9737f,-5.0624f,0f,0f,0f,1f],start_interpolation: 0,interpolation_duration: 1}
$data merge entity $(left_leg) {transformation: [-0.9999f,0.016f,0.0049f,0.125f,0.0154f,0.9937f,-0.1108f,-5119.2592f,-0.0066f,-0.1107f,-0.9938f,-5.0624f,0f,0f,0f,1f],start_interpolation: 0,interpolation_duration: 1}
$data merge entity $(door) {transformation: [-2f,0f,0f,0f,0f,2f,0f,2.896f,0f,0f,-2f,0f,0f,0f,0f,1f],start_interpolation: 0,interpolation_duration: 1}
data modify storage animated_java:temp entry.data merge value {"cameras":{"camera":{"px":8.861337440366208e-16,"py":3.525030944573045,"pz":-7.235831136402607,"ry":0,"rx":14.551451045953362}},"locators":{}}
# Data Manager: Write
function animated_java:global/data_manager/write with storage animated_java:temp args