# This file was generated by Animated Java via MC-Build. It is not recommended to edit this file directly.
$data merge entity $(head) {transformation: [-0.9983f,0.0138f,0.0561f,0f,0.0209f,0.9915f,0.1285f,1.4025f,-0.0539f,0.1294f,-0.9901f,-11.2288f,0f,0f,0f,1f],start_interpolation: 0,interpolation_duration: 1}
$data merge entity $(right_arm) {transformation: [-0.9815f,0.1002f,-0.1632f,-0.2455f,0.1419f,0.9528f,-0.2682f,-1022.6217f,0.1287f,-0.2864f,-0.9494f,-11.3058f,0f,0f,0f,1f],start_interpolation: 0,interpolation_duration: 1}
$data merge entity $(left_arm) {transformation: [-0.9935f,-0.0943f,0.0641f,0.2468f,-0.0485f,0.8581f,0.5112f,-2046.628f,-0.1032f,0.5047f,-0.8571f,-11.1861f,0f,0f,0f,1f],start_interpolation: 0,interpolation_duration: 1}
$data merge entity $(torso) {transformation: [-0.9968f,0f,0.0799f,0f,0.0241f,0.9533f,0.3009f,-3070.5975f,-0.0762f,0.3019f,-0.9503f,-11.2288f,0f,0f,0f,1f],start_interpolation: 0,interpolation_duration: 1}
$data merge entity $(right_leg) {transformation: [-0.9848f,-0.0814f,0.1534f,-0.125f,0.0522f,0.7035f,0.7088f,-4095.2662f,-0.1656f,0.706f,-0.6886f,-11.4853f,0f,0f,0f,1f],start_interpolation: 0,interpolation_duration: 1}
$data merge entity $(left_leg) {transformation: [-0.9978f,0.0303f,-0.0582f,0.125f,0.0276f,0.9986f,0.0459f,-5119.3333f,0.0595f,0.0442f,-0.9972f,-11.3626f,0f,0f,0f,1f],start_interpolation: 0,interpolation_duration: 1}
$data merge entity $(door) {transformation: [-2f,0f,0f,0f,0f,2f,0f,2.9344f,0f,0f,-2f,0f,0f,0f,0f,1f],start_interpolation: 0,interpolation_duration: 1}
data modify storage animated_java:temp entry.data merge value {"cameras":{"camera":{"px":-0.8095698680018201,"py":2.0046370050068276,"pz":-5.300039827036868,"ry":186.83403926781142,"rx":1.5788276870337938}},"locators":{}}
# Data Manager: Write
function animated_java:global/data_manager/write with storage animated_java:temp args