# This file was generated by Animated Java via MC-Build. It is not recommended to edit this file directly.
$data merge entity $(head) {transformation: [-0.9989f,0.0474f,0.0002f,0f,0.0463f,0.9764f,-0.2108f,1.4162f,-0.0102f,-0.2105f,-0.9775f,-5.1295f,0f,0f,0f,1f],start_interpolation: 0,interpolation_duration: 1}
$data merge entity $(right_arm) {transformation: [-0.9961f,-0.0411f,0.0781f,-0.25f,-0.0528f,0.9866f,-0.1542f,-1022.5838f,-0.0707f,-0.1577f,-0.985f,-5.1295f,0f,0f,0f,1f],start_interpolation: 0,interpolation_duration: 1}
$data merge entity $(left_arm) {transformation: [-0.99f,0.139f,-0.0249f,0.25f,0.119f,0.7262f,-0.6771f,-2046.5838f,-0.0761f,-0.6733f,-0.7354f,-5.1295f,0f,0f,0f,1f],start_interpolation: 0,interpolation_duration: 1}
$data merge entity $(torso) {transformation: [-1f,0f,0f,0f,0f,0.9852f,-0.1716f,-3070.5838f,0f,-0.1716f,-0.9852f,-5.1295f,0f,0f,0f,1f],start_interpolation: 0,interpolation_duration: 1}
$data merge entity $(right_leg) {transformation: [-0.9995f,-0.0241f,-0.0194f,-0.125f,-0.0185f,0.9681f,-0.2498f,-4095.2611f,0.0248f,-0.2494f,-0.9681f,-5.0115f,0f,0f,0f,1f],start_interpolation: 0,interpolation_duration: 1}
$data merge entity $(left_leg) {transformation: [-0.9998f,0.0179f,0.0055f,0.125f,0.0171f,0.9924f,-0.1218f,-5119.2611f,-0.0077f,-0.1216f,-0.9925f,-5.0115f,0f,0f,0f,1f],start_interpolation: 0,interpolation_duration: 1}
$data merge entity $(door) {transformation: [-2f,0f,0f,0f,0f,2f,0f,2.9063f,0f,0f,-2f,0f,0f,0f,0f,1f],start_interpolation: 0,interpolation_duration: 1}
data modify storage animated_java:temp entry.data merge value {"cameras":{"camera":{"px":8.797397902851247e-16,"py":3.515062371399177,"pz":-7.183620541838135,"ry":0,"rx":14.756515775034291}},"locators":{}}
# Data Manager: Write
function animated_java:global/data_manager/write with storage animated_java:temp args