# This file was generated by Animated Java via MC-Build. It is not recommended to edit this file directly.
$data merge entity $(head) {transformation: [-0.9947f,0.0056f,0.103f,0f,0.0188f,0.9917f,0.1275f,1.4024f,-0.1014f,0.1288f,-0.9865f,-11.0272f,0f,0f,0f,1f],start_interpolation: 0,interpolation_duration: 1}
$data merge entity $(right_arm) {transformation: [-0.9794f,0.1037f,-0.1734f,-0.2488f,0.0885f,0.9917f,0.0936f,-1022.6155f,0.1817f,0.0763f,-0.9804f,-11.0742f,0f,0f,0f,1f],start_interpolation: 0,interpolation_duration: 1}
$data merge entity $(left_arm) {transformation: [-0.9894f,-0.1135f,0.0904f,0.2499f,-0.0977f,0.9818f,0.1629f,-2046.6299f,-0.1072f,0.1523f,-0.9825f,-11.0288f,0f,0f,0f,1f],start_interpolation: 0,interpolation_duration: 1}
$data merge entity $(torso) {transformation: [-0.9995f,0f,0.0327f,0f,0.0099f,0.9532f,0.3022f,-3070.5976f,-0.0312f,0.3023f,-0.9527f,-11.0272f,0f,0f,0f,1f],start_interpolation: 0,interpolation_duration: 1}
$data merge entity $(right_leg) {transformation: [-0.9848f,-0.0227f,0.1722f,-0.125f,0.0522f,0.9069f,0.4181f,-4095.2812f,-0.1656f,0.4207f,-0.8919f,-11.2539f,0f,0f,0f,1f],start_interpolation: 0,interpolation_duration: 1}
$data merge entity $(left_leg) {transformation: [-0.9989f,0.0247f,-0.0394f,0.125f,0.0128f,0.9606f,0.2775f,-5119.3477f,0.0447f,0.2767f,-0.9599f,-11.1914f,0f,0f,0f,1f],start_interpolation: 0,interpolation_duration: 1}
$data merge entity $(door) {transformation: [-2f,0f,0f,0f,0f,2f,0f,2.9475f,0f,0f,-2f,0f,0f,0f,0f,1f],start_interpolation: 0,interpolation_duration: 1}
data modify storage animated_java:temp entry.data merge value {"cameras":{"camera":{"px":-1.0874203459262624,"py":2.013569640418753,"pz":-5.277196176604461,"ry":188.93375038478996,"rx":1.6228533008897756}},"locators":{}}
# Data Manager: Write
function animated_java:global/data_manager/write with storage animated_java:temp args