# This file was generated by Animated Java via MC-Build. It is not recommended to edit this file directly.
$data merge entity $(head) {transformation: [-0.9993f,0.0376f,0.0005f,0f,0.0367f,0.9787f,-0.2022f,1.4162f,-0.0081f,-0.202f,-0.9793f,-5.2705f,0f,0f,0f,1f],start_interpolation: 0,interpolation_duration: 1}
$data merge entity $(right_arm) {transformation: [-0.9976f,-0.0315f,0.0621f,-0.25f,-0.041f,0.9866f,-0.1581f,-1022.5838f,-0.0562f,-0.1602f,-0.9855f,-5.2705f,0f,0f,0f,1f],start_interpolation: 0,interpolation_duration: 1}
$data merge entity $(left_arm) {transformation: [-0.9939f,0.1105f,-0.0071f,0.25f,0.0937f,0.8056f,-0.5851f,-2046.5838f,-0.0589f,-0.5821f,-0.811f,-5.2705f,0f,0f,0f,1f],start_interpolation: 0,interpolation_duration: 1}
$data merge entity $(torso) {transformation: [-1f,0f,0f,0f,0f,0.9852f,-0.1716f,-3070.5838f,0f,-0.1716f,-0.9852f,-5.2705f,0f,0f,0f,1f],start_interpolation: 0,interpolation_duration: 1}
$data merge entity $(right_leg) {transformation: [-0.9997f,-0.0184f,-0.0153f,-0.125f,-0.0143f,0.9722f,-0.2336f,-4095.2611f,0.0191f,-0.2333f,-0.9722f,-5.1525f,0f,0f,0f,1f],start_interpolation: 0,interpolation_duration: 1}
$data merge entity $(left_leg) {transformation: [-0.9998f,0.0179f,0.0055f,0.125f,0.0171f,0.9924f,-0.1218f,-5119.2611f,-0.0077f,-0.1216f,-0.9925f,-5.1525f,0f,0f,0f,1f],start_interpolation: 0,interpolation_duration: 1}
$data merge entity $(door) {transformation: [-2f,0f,0f,0f,0f,2f,0f,2.9063f,0f,0f,-2f,0f,0f,0f,0f,1f],start_interpolation: 0,interpolation_duration: 1}
data modify storage animated_java:temp entry.data merge value {"cameras":{"camera":{"px":8.941293849073943e-16,"py":3.537375639880765,"pz":-7.3011204988240035,"ry":0,"rx":14.297168802746931}},"locators":{}}
# Data Manager: Write
function animated_java:global/data_manager/write with storage animated_java:temp args