# This file was generated by Animated Java via MC-Build. It is not recommended to edit this file directly.
$data merge entity $(head) {transformation: [-0.9889f,-0.0026f,0.1484f,0f,0.0167f,0.9916f,0.1284f,1.4024f,-0.1475f,0.1294f,-0.9806f,-10.8208f,0f,0f,0f,1f],start_interpolation: 0,interpolation_duration: 1}
$data merge entity $(right_arm) {transformation: [-0.9715f,0.1349f,-0.195f,-0.2502f,0.0352f,0.8954f,0.4438f,-1022.6092f,0.2345f,0.4243f,-0.8746f,-10.8377f,0f,0f,0f,1f],start_interpolation: 0,interpolation_duration: 1}
$data merge entity $(left_arm) {transformation: [-0.9829f,-0.1194f,0.1399f,0.2496f,-0.1463f,0.9686f,-0.2012f,-2046.6315f,-0.1115f,-0.2183f,-0.9695f,-10.867f,0f,0f,0f,1f],start_interpolation: 0,interpolation_duration: 1}
$data merge entity $(torso) {transformation: [-0.9999f,0.0001f,-0.0145f,0f,-0.0043f,0.9533f,0.3021f,-3070.5976f,0.0139f,0.3022f,-0.9532f,-10.8208f,0f,0f,0f,1f],start_interpolation: 0,interpolation_duration: 1}
$data merge entity $(right_leg) {transformation: [-0.9848f,0.039f,0.1692f,-0.125f,0.0522f,0.9958f,0.0747f,-4095.2963f,-0.1656f,0.0824f,-0.9827f,-11.0173f,0f,0f,0f,1f],start_interpolation: 0,interpolation_duration: 1}
$data merge entity $(left_leg) {transformation: [-0.9996f,0.0131f,-0.0269f,0.125f,-0.002f,0.8667f,0.4989f,-5119.3611f,0.0298f,0.4987f,-0.8662f,-11.015f,0f,0f,0f,1f],start_interpolation: 0,interpolation_duration: 1}
$data merge entity $(door) {transformation: [-2f,0f,0f,0f,0f,2f,0f,2.9601f,0f,0f,-2f,0f,0f,0f,0f,1f],start_interpolation: 0,interpolation_duration: 1}
data modify storage animated_java:temp entry.data merge value {"cameras":{"camera":{"px":-1.3751422394173864,"py":2.0272530723714155,"pz":-5.26203345471097,"ry":191.33455395204956,"rx":1.7205295103765403}},"locators":{}}
# Data Manager: Write
function animated_java:global/data_manager/write with storage animated_java:temp args