# This file was generated by Animated Java via MC-Build. It is not recommended to edit this file directly.
$data merge entity $(head) {transformation: [-0.9992f,0.0412f,0.0004f,0f,0.0401f,0.9744f,-0.2213f,1.412f,-0.0095f,-0.2211f,-0.9752f,-5.2425f,0f,0f,0f,1f],start_interpolation: 0,interpolation_duration: 1}
$data merge entity $(right_arm) {transformation: [-0.9971f,-0.0351f,0.0679f,-0.25f,-0.0464f,0.9839f,-0.1728f,-1022.588f,-0.0607f,-0.1754f,-0.9826f,-5.2425f,0f,0f,0f,1f],start_interpolation: 0,interpolation_duration: 1}
$data merge entity $(left_arm) {transformation: [-0.9925f,0.1212f,-0.0127f,0.25f,0.1019f,0.768f,-0.6323f,-2046.588f,-0.0669f,-0.6289f,-0.7746f,-5.2425f,0f,0f,0f,1f],start_interpolation: 0,interpolation_duration: 1}
$data merge entity $(torso) {transformation: [-1f,0f,0f,0f,0f,0.9822f,-0.1876f,-3070.588f,0f,-0.1876f,-0.9822f,-5.2425f,0f,0f,0f,1f],start_interpolation: 0,interpolation_duration: 1}
$data merge entity $(right_leg) {transformation: [-0.9996f,-0.0205f,-0.0168f,-0.125f,-0.0155f,0.9667f,-0.2553f,-4095.2633f,0.0215f,-0.255f,-0.9667f,-5.1135f,0f,0f,0f,1f],start_interpolation: 0,interpolation_duration: 1}
$data merge entity $(left_leg) {transformation: [-0.9998f,0.0198f,0.0062f,0.125f,0.0188f,0.9909f,-0.1331f,-5119.2633f,-0.0088f,-0.1329f,-0.9911f,-5.1135f,0f,0f,0f,1f],start_interpolation: 0,interpolation_duration: 1}
$data merge entity $(door) {transformation: [-2f,0f,0f,0f,0f,2f,0f,2.9167f,0f,0f,-2f,0f,0f,0f,0f,1f],start_interpolation: 0,interpolation_duration: 1}
data modify storage animated_java:temp entry.data merge value {"cameras":{"camera":{"px":8.889212434989435e-16,"py":3.529348044826242,"pz":-7.258592796860654,"ry":0,"rx":14.462563044763355}},"locators":{}}
# Data Manager: Write
function animated_java:global/data_manager/write with storage animated_java:temp args