# This file was generated by Animated Java via MC-Build. It is not recommended to edit this file directly.
$data merge entity $(head) {transformation: [-0.9987f,0.0519f,0f,0f,0.0505f,0.9718f,-0.2304f,1.412f,-0.0119f,-0.2301f,-0.9731f,-5.0889f,0f,0f,0f,1f],start_interpolation: 0,interpolation_duration: 1}
$data merge entity $(right_arm) {transformation: [-0.9953f,-0.0452f,0.0853f,-0.25f,-0.0591f,0.984f,-0.1682f,-1022.588f,-0.0764f,-0.1725f,-0.982f,-5.0889f,0f,0f,0f,1f],start_interpolation: 0,interpolation_duration: 1}
$data merge entity $(left_arm) {transformation: [-0.988f,0.1504f,-0.0353f,0.25f,0.1287f,0.6751f,-0.7264f,-2046.588f,-0.0854f,-0.7222f,-0.6864f,-5.0889f,0f,0f,0f,1f],start_interpolation: 0,interpolation_duration: 1}
$data merge entity $(torso) {transformation: [-1f,0f,0f,0f,0f,0.9822f,-0.1876f,-3070.588f,0f,-0.1876f,-0.9822f,-5.0889f,0f,0f,0f,1f],start_interpolation: 0,interpolation_duration: 1}
$data merge entity $(right_leg) {transformation: [-0.9994f,-0.0265f,-0.021f,-0.125f,-0.0198f,0.9618f,-0.2729f,-4095.2633f,0.0275f,-0.2723f,-0.9618f,-4.9599f,0f,0f,0f,1f],start_interpolation: 0,interpolation_duration: 1}
$data merge entity $(left_leg) {transformation: [-0.9998f,0.0198f,0.0062f,0.125f,0.0188f,0.9909f,-0.1331f,-5119.2633f,-0.0088f,-0.1329f,-0.9911f,-4.9599f,0f,0f,0f,1f],start_interpolation: 0,interpolation_duration: 1}
$data merge entity $(door) {transformation: [-2f,0f,0f,0f,0f,2f,0f,2.9167f,0f,0f,-2f,0f,0f,0f,0f,1f],start_interpolation: 0,interpolation_duration: 1}
data modify storage animated_java:temp entry.data merge value {"cameras":{"camera":{"px":8.732474049171848e-16,"py":3.5048285590277777,"pz":-7.13060619212963,"ry":0,"rx":14.96672453703704}},"locators":{}}
# Data Manager: Write
function animated_java:global/data_manager/write with storage animated_java:temp args