# This file was generated by Animated Java via MC-Build. It is not recommended to edit this file directly.
$data merge entity $(head) {transformation: [-0.9904f,0.1378f,0.0083f,0f,0.1169f,0.8693f,-0.4803f,1.2494f,-0.0734f,-0.4748f,-0.877f,-4.3984f,0f,0f,0f,1f],start_interpolation: 0,interpolation_duration: 1}
$data merge entity $(right_arm) {transformation: [-0.9638f,0.109f,0.2434f,-0.25f,0.008f,0.924f,-0.3824f,-1022.7506f,-0.2665f,-0.3666f,-0.8914f,-4.3984f,0f,0f,0f,1f],start_interpolation: 0,interpolation_duration: 1}
$data merge entity $(left_arm) {transformation: [-0.9762f,-0.1785f,-0.1235f,0.25f,0.1761f,-0.3192f,-0.9312f,-2046.7506f,0.1268f,-0.9307f,0.343f,-4.3984f,0f,0f,0f,1f],start_interpolation: 0,interpolation_duration: 1}
$data merge entity $(torso) {transformation: [-1f,0f,0f,0f,0f,0.8691f,-0.4945f,-3070.7506f,0f,-0.4945f,-0.8691f,-4.3984f,0f,0f,0f,1f],start_interpolation: 0,interpolation_duration: 1}
$data merge entity $(right_leg) {transformation: [-0.9968f,0.0695f,0.0404f,-0.125f,0.0234f,0.7321f,-0.6808f,-4095.3481f,-0.0769f,-0.6776f,-0.7314f,-4.0584f,0f,0f,0f,1f],start_interpolation: 0,interpolation_duration: 1}
$data merge entity $(left_leg) {transformation: [-0.998f,-0.0594f,-0.0213f,0.125f,-0.0455f,0.9107f,-0.4105f,-5119.3481f,0.0438f,-0.4088f,-0.9116f,-4.0584f,0f,0f,0f,1f],start_interpolation: 0,interpolation_duration: 1}
data modify storage animated_java:temp entry.data merge value {"cameras":{"camera":{"px":7.42018137121862e-16,"py":3.075619533527697,"pz":-6.059037900874635,"ry":0,"rx":22.966472303206995}},"locators":{}}
# Data Manager: Write
function animated_java:global/data_manager/write with storage animated_java:temp args