# This file was generated by Animated Java via MC-Build. It is not recommended to edit this file directly.
$data merge entity $(head) {transformation: [-0.9984f,0.0564f,-0.0002f,0f,0.0546f,0.9667f,-0.2502f,1.4073f,-0.0139f,-0.2498f,-0.9682f,-5.0481f,0f,0f,0f,1f],start_interpolation: 0,interpolation_duration: 1}
$data merge entity $(right_arm) {transformation: [-0.9945f,-0.0491f,0.0926f,-0.25f,-0.0654f,0.981f,-0.1824f,-1022.5927f,-0.0819f,-0.1875f,-0.9788f,-5.0481f,0f,0f,0f,1f],start_interpolation: 0,interpolation_duration: 1}
$data merge entity $(left_arm) {transformation: [-0.9859f,0.1607f,-0.0472f,0.25f,0.138f,0.6201f,-0.7723f,-2046.5927f,-0.0949f,-0.7679f,-0.6335f,-5.0481f,0f,0f,0f,1f],start_interpolation: 0,interpolation_duration: 1}
$data merge entity $(torso) {transformation: [-1f,0f,0f,0f,0f,0.979f,-0.204f,-3070.5927f,0f,-0.204f,-0.979f,-5.0481f,0f,0f,0f,1f],start_interpolation: 0,interpolation_duration: 1}
$data merge entity $(right_leg) {transformation: [-0.9993f,-0.0289f,-0.0225f,-0.125f,-0.021f,0.9549f,-0.2962f,-4095.2658f,0.0301f,-0.2955f,-0.9549f,-4.9079f,0f,0f,0f,1f],start_interpolation: 0,interpolation_duration: 1}
$data merge entity $(left_leg) {transformation: [-0.9997f,0.0217f,0.007f,0.125f,0.0205f,0.9893f,-0.1446f,-5119.2658f,-0.01f,-0.1445f,-0.9895f,-4.9079f,0f,0f,0f,1f],start_interpolation: 0,interpolation_duration: 1}
$data merge entity $(door) {transformation: [-2f,0f,0f,0f,0f,2f,0f,2.9271f,0f,0f,-2f,0f,0f,0f,0f,1f],start_interpolation: 0,interpolation_duration: 1}
data modify storage animated_java:temp entry.data merge value {"cameras":{"camera":{"px":8.66681195836912e-16,"py":3.4943415637860085,"pz":-7.0769890260631,"ry":0,"rx":15.181755829903981}},"locators":{}}
# Data Manager: Write
function animated_java:global/data_manager/write with storage animated_java:temp args