# This file was generated by Animated Java via MC-Build. It is not recommended to edit this file directly.
$data merge entity $(head) {transformation: [-0.9832f,-0.0088f,0.1826f,0f,0.0153f,0.9914f,0.1302f,1.4026f,-0.1822f,0.1308f,-0.9745f,-10.61f,0f,0f,0f,1f],start_interpolation: 0,interpolation_duration: 1}
$data merge entity $(right_arm) {transformation: [-0.9615f,0.1814f,-0.2064f,-0.2499f,-0.0054f,0.7385f,0.6743f,-1022.6043f,0.2748f,0.6494f,-0.7091f,-10.6037f,0f,0f,0f,1f],start_interpolation: 0,interpolation_duration: 1}
$data merge entity $(left_arm) {transformation: [-0.9764f,-0.106f,0.1884f,0.247f,-0.183f,0.8691f,-0.4595f,-2046.6327f,-0.115f,-0.4831f,-0.868f,-10.6903f,0f,0f,0f,1f],start_interpolation: 0,interpolation_duration: 1}
$data merge entity $(torso) {transformation: [-0.9987f,0f,-0.0509f,0f,-0.0153f,0.9534f,0.3012f,-3070.5974f,0.0485f,0.3016f,-0.9522f,-10.61f,0f,0f,0f,1f],start_interpolation: 0,interpolation_duration: 1}
$data merge entity $(right_leg) {transformation: [-0.9848f,0.0834f,0.1523f,-0.125f,0.0522f,0.9787f,-0.1983f,-4095.3079f,-0.1656f,-0.1873f,-0.9682f,-10.7829f,0f,0f,0f,1f],start_interpolation: 0,interpolation_duration: 1}
$data merge entity $(left_leg) {transformation: [-0.9997f,0.0018f,-0.0227f,0.125f,-0.0135f,0.758f,0.6521f,-5119.3711f,0.0184f,0.6522f,-0.7578f,-10.8269f,0f,0f,0f,1f],start_interpolation: 0,interpolation_duration: 1}
$data merge entity $(door) {transformation: [-2f,0f,0f,0f,0f,2f,0f,2.972f,0f,0f,-2f,0f,0f,0f,0f,1f],start_interpolation: 0,interpolation_duration: 1}
data modify storage animated_java:temp entry.data merge value {"cameras":{"camera":{"px":-1.6625796540737359,"py":2.0433830223031406,"pz":-5.256087847064178,"ry":194.10810309587055,"rx":1.8440497943038512}},"locators":{}}
# Data Manager: Write
function animated_java:global/data_manager/write with storage animated_java:temp args