# This file was generated by Animated Java via MC-Build. It is not recommended to edit this file directly.
$data merge entity $(head) {transformation: [-0.999f,0.0448f,0.0003f,0f,0.0434f,0.9696f,-0.2406f,1.4073f,-0.011f,-0.2404f,-0.9706f,-5.2141f,0f,0f,0f,1f],start_interpolation: 0,interpolation_duration: 1}
$data merge entity $(right_arm) {transformation: [-0.9965f,-0.0386f,0.0738f,-0.25f,-0.0519f,0.9809f,-0.1877f,-1022.5927f,-0.0651f,-0.1909f,-0.9795f,-5.2141f,0f,0f,0f,1f],start_interpolation: 0,interpolation_duration: 1}
$data merge entity $(left_arm) {transformation: [-0.9911f,0.1317f,-0.0194f,0.25f,0.1098f,0.7268f,-0.678f,-2046.5927f,-0.0752f,-0.6741f,-0.7348f,-5.2141f,0f,0f,0f,1f],start_interpolation: 0,interpolation_duration: 1}
$data merge entity $(torso) {transformation: [-1f,0f,0f,0f,0f,0.979f,-0.204f,-3070.5927f,0f,-0.204f,-0.979f,-5.2141f,0f,0f,0f,1f],start_interpolation: 0,interpolation_duration: 1}
$data merge entity $(right_leg) {transformation: [-0.9996f,-0.0226f,-0.0183f,-0.125f,-0.0166f,0.9606f,-0.2773f,-4095.2658f,0.0238f,-0.2769f,-0.9606f,-5.0738f,0f,0f,0f,1f],start_interpolation: 0,interpolation_duration: 1}
$data merge entity $(left_leg) {transformation: [-0.9997f,0.0217f,0.007f,0.125f,0.0205f,0.9893f,-0.1446f,-5119.2658f,-0.01f,-0.1445f,-0.9895f,-5.0738f,0f,0f,0f,1f],start_interpolation: 0,interpolation_duration: 1}
$data merge entity $(door) {transformation: [-2f,0f,0f,0f,0f,2f,0f,2.9271f,0f,0f,-2f,0f,0f,0f,0f,1f],start_interpolation: 0,interpolation_duration: 1}
data modify storage animated_java:temp entry.data merge value {"cameras":{"camera":{"px":8.836192400225953e-16,"py":3.5211223540065655,"pz":-7.215298652948797,"ry":0,"rx":14.63188775831059}},"locators":{}}
# Data Manager: Write
function animated_java:global/data_manager/write with storage animated_java:temp args