# This file was generated by Animated Java via MC-Build. It is not recommended to edit this file directly.
$data merge entity $(head) {transformation: [-0.9988f,0.0485f,0.0001f,0f,0.0468f,0.9644f,-0.2602f,1.4021f,-0.0127f,-0.2599f,-0.9655f,-5.1853f,0f,0f,0f,1f],start_interpolation: 0,interpolation_duration: 1}
$data merge entity $(right_arm) {transformation: [-0.9959f,-0.0421f,0.0798f,-0.25f,-0.0575f,0.9775f,-0.2028f,-1022.5979f,-0.0695f,-0.2065f,-0.976f,-5.1853f,0f,0f,0f,1f],start_interpolation: 0,interpolation_duration: 1}
$data merge entity $(left_arm) {transformation: [-0.9895f,0.1418f,-0.0272f,0.25f,0.1175f,0.6822f,-0.7216f,-2046.5979f,-0.0838f,-0.7173f,-0.6917f,-5.1853f,0f,0f,0f,1f],start_interpolation: 0,interpolation_duration: 1}
$data merge entity $(torso) {transformation: [-1f,0f,0f,0f,0f,0.9754f,-0.2206f,-3070.5979f,0f,-0.2206f,-0.9754f,-5.1853f,0f,0f,0f,1f],start_interpolation: 0,interpolation_duration: 1}
$data merge entity $(right_leg) {transformation: [-0.9995f,-0.0247f,-0.0197f,-0.125f,-0.0176f,0.9539f,-0.2996f,-4095.2685f,0.0262f,-0.2991f,-0.9539f,-5.0336f,0f,0f,0f,1f],start_interpolation: 0,interpolation_duration: 1}
$data merge entity $(left_leg) {transformation: [-0.9997f,0.0236f,0.0077f,0.125f,0.0221f,0.9874f,-0.1565f,-5119.2685f,-0.0113f,-0.1563f,-0.9876f,-5.0336f,0f,0f,0f,1f],start_interpolation: 0,interpolation_duration: 1}
$data merge entity $(door) {transformation: [-2f,0f,0f,0f,0f,2f,0f,2.9374f,0f,0f,-2f,0f,0f,0f,0f,1f],start_interpolation: 0,interpolation_duration: 1}
data modify storage animated_java:temp entry.data merge value {"cameras":{"camera":{"px":8.782378147964881e-16,"py":3.512705642270492,"pz":-7.171355981234357,"ry":0,"rx":14.804954280755151}},"locators":{}}
# Data Manager: Write
function animated_java:global/data_manager/write with storage animated_java:temp args