# This file was generated by Animated Java via MC-Build. It is not recommended to edit this file directly.
$data merge entity $(head) {transformation: [-0.9981f,0.0609f,-0.0005f,0f,0.0587f,0.9611f,-0.2701f,1.4021f,-0.016f,-0.2696f,-0.9628f,-5.0072f,0f,0f,0f,1f],start_interpolation: 0,interpolation_duration: 1}
$data merge entity $(right_arm) {transformation: [-0.9936f,-0.0527f,0.1f,-0.25f,-0.0717f,0.9778f,-0.1968f,-1022.5979f,-0.0874f,-0.2027f,-0.9753f,-5.0072f,0f,0f,0f,1f],start_interpolation: 0,interpolation_duration: 1}
$data merge entity $(left_arm) {transformation: [-0.9836f,0.1697f,-0.0604f,0.25f,0.1469f,0.5615f,-0.8143f,-2046.5979f,-0.1043f,-0.8099f,-0.5772f,-5.0072f,0f,0f,0f,1f],start_interpolation: 0,interpolation_duration: 1}
$data merge entity $(torso) {transformation: [-1f,0f,0f,0f,0f,0.9754f,-0.2206f,-3070.5979f,0f,-0.2206f,-0.9754f,-5.0072f,0f,0f,0f,1f],start_interpolation: 0,interpolation_duration: 1}
$data merge entity $(right_leg) {transformation: [-0.9992f,-0.0312f,-0.0239f,-0.125f,-0.0219f,0.9473f,-0.3197f,-4095.2685f,0.0327f,-0.3189f,-0.9472f,-4.8555f,0f,0f,0f,1f],start_interpolation: 0,interpolation_duration: 1}
$data merge entity $(left_leg) {transformation: [-0.9997f,0.0236f,0.0077f,0.125f,0.0221f,0.9874f,-0.1565f,-5119.2685f,-0.0113f,-0.1563f,-0.9876f,-4.8555f,0f,0f,0f,1f],start_interpolation: 0,interpolation_duration: 1}
$data merge entity $(door) {transformation: [-2f,0f,0f,0f,0f,2f,0f,2.9374f,0f,0f,-2f,0f,0f,0f,0f,1f],start_interpolation: 0,interpolation_duration: 1}
data modify storage animated_java:temp entry.data merge value {"cameras":{"camera":{"px":8.600657709484174e-16,"py":3.4836134420010287,"pz":-7.022969982424554,"ry":0,"rx":15.401288151577505}},"locators":{}}
# Data Manager: Write
function animated_java:global/data_manager/write with storage animated_java:temp args