# This file was generated by Animated Java via MC-Build. It is not recommended to edit this file directly.
$data merge entity $(head) {transformation: [-0.9986f,0.0522f,0f,0f,0.0501f,0.9587f,-0.28f,1.3964f,-0.0146f,-0.2796f,-0.96f,-5.1562f,0f,0f,0f,1f],start_interpolation: 0,interpolation_duration: 1}
$data merge entity $(right_arm) {transformation: [-0.9953f,-0.0455f,0.0859f,-0.25f,-0.0633f,0.9739f,-0.218f,-1022.6036f,-0.0737f,-0.2224f,-0.9722f,-5.1562f,0f,0f,0f,1f],start_interpolation: 0,interpolation_duration: 1}
$data merge entity $(left_arm) {transformation: [-0.9878f,0.1512f,-0.0361f,0.25f,0.1249f,0.6344f,-0.7629f,-2046.6036f,-0.0924f,-0.7581f,-0.6456f,-5.1562f,0f,0f,0f,1f],start_interpolation: 0,interpolation_duration: 1}
$data merge entity $(torso) {transformation: [-1f,0f,0f,0f,0f,0.9714f,-0.2375f,-3070.6036f,0f,-0.2375f,-0.9714f,-5.1562f,0f,0f,0f,1f],start_interpolation: 0,interpolation_duration: 1}
$data merge entity $(right_leg) {transformation: [-0.9994f,-0.0267f,-0.0211f,-0.125f,-0.0185f,0.9465f,-0.3221f,-4095.2715f,0.0286f,-0.3215f,-0.9465f,-4.9929f,0f,0f,0f,1f],start_interpolation: 0,interpolation_duration: 1}
$data merge entity $(left_leg) {transformation: [-0.9996f,0.0254f,0.0084f,0.125f,0.0236f,0.9854f,-0.1687f,-5119.2715f,-0.0126f,-0.1684f,-0.9856f,-4.9929f,0f,0f,0f,1f],start_interpolation: 0,interpolation_duration: 1}
$data merge entity $(door) {transformation: [-2f,0f,0f,0f,0f,2f,0f,2.9475f,0f,0f,-2f,0f,0f,0f,0f,1f],start_interpolation: 0,interpolation_duration: 1}
data modify storage animated_java:temp entry.data merge value {"cameras":{"camera":{"px":8.727914081387597e-16,"py":3.5041049844667764,"pz":-7.126882695863257,"ry":0,"rx":14.981573949463568}},"locators":{}}
# Data Manager: Write
function animated_java:global/data_manager/write with storage animated_java:temp args