# This file was generated by Animated Java via MC-Build. It is not recommended to edit this file directly.
$data merge entity $(head) {transformation: [-0.9844f,-0.0078f,0.1757f,0f,0.0153f,0.9914f,0.1298f,1.4025f,-0.1752f,0.1305f,-0.9758f,-10.1745f,0f,0f,0f,1f],start_interpolation: 0,interpolation_duration: 1}
$data merge entity $(right_arm) {transformation: [-0.9633f,0.1726f,-0.2054f,-0.25f,0.0011f,0.7681f,0.6403f,-1022.6051f,0.2683f,0.6166f,-0.7402f,-10.172f,0f,0f,0f,1f],start_interpolation: 0,interpolation_duration: 1}
$data merge entity $(left_arm) {transformation: [-0.9775f,-0.1095f,0.1802f,0.2476f,-0.1772f,0.89f,-0.4201f,-2046.6325f,-0.1144f,-0.4426f,-0.8894f,-10.2493f,0f,0f,0f,1f],start_interpolation: 0,interpolation_duration: 1}
$data merge entity $(torso) {transformation: [-0.999f,0.0001f,-0.045f,0f,-0.0135f,0.9534f,0.3014f,-3070.5975f,0.0429f,0.3017f,-0.9524f,-10.1745f,0f,0f,0f,1f],start_interpolation: 0,interpolation_duration: 1}
$data merge entity $(right_leg) {transformation: [-0.9848f,0.0766f,0.1559f,-0.125f,0.0522f,0.9866f,-0.1547f,-4095.306f,-0.1656f,-0.1442f,-0.9756f,-10.3513f,0f,0f,0f,1f],start_interpolation: 0,interpolation_duration: 1}
$data merge entity $(left_leg) {transformation: [-0.9997f,0.0038f,-0.023f,0.125f,-0.0116f,0.7736f,0.6335f,-5119.3685f,0.0203f,0.6336f,-0.7734f,-10.3878f,0f,0f,0f,1f],start_interpolation: 0,interpolation_duration: 1}
$data merge entity $(door) {transformation: [-2f,0f,0f,0f,0f,2f,0f,2.9932f,0f,0f,-2f,0f,0f,0f,0f,1f],start_interpolation: 0,interpolation_duration: 1}
data modify storage animated_java:temp entry.data merge value {"cameras":{"camera":{"px":-2.1959774692762846,"py":2.073765361857078,"pz":-5.27799271734183,"ry":201.05702939624285,"rx":2.0634195235642205}},"locators":{}}
# Data Manager: Write
function animated_java:global/data_manager/write with storage animated_java:temp args