# This file was generated by Animated Java via MC-Build. It is not recommended to edit this file directly.
$data merge entity $(head) {transformation: [-0.9979f,0.0654f,-0.0007f,0f,0.0628f,0.955f,-0.29f,1.3964f,-0.0183f,-0.2894f,-0.957f,-4.9664f,0f,0f,0f,1f],start_interpolation: 0,interpolation_duration: 1}
$data merge entity $(right_arm) {transformation: [-0.9926f,-0.0561f,0.1073f,-0.25f,-0.0779f,0.9743f,-0.2112f,-1022.6036f,-0.0927f,-0.218f,-0.9715f,-4.9664f,0f,0f,0f,1f],start_interpolation: 0,interpolation_duration: 1}
$data merge entity $(left_arm) {transformation: [-0.9814f,0.1771f,-0.0748f,0.25f,0.1551f,0.4999f,-0.8521f,-2046.6036f,-0.1135f,-0.8478f,-0.518f,-4.9664f,0f,0f,0f,1f],start_interpolation: 0,interpolation_duration: 1}
$data merge entity $(torso) {transformation: [-1f,0f,0f,0f,0f,0.9714f,-0.2375f,-3070.6036f,0f,-0.2375f,-0.9714f,-4.9664f,0f,0f,0f,1f],start_interpolation: 0,interpolation_duration: 1}
$data merge entity $(right_leg) {transformation: [-0.9991f,-0.0333f,-0.0252f,-0.125f,-0.0227f,0.9389f,-0.3433f,-4095.2715f,0.0351f,-0.3424f,-0.9389f,-4.8031f,0f,0f,0f,1f],start_interpolation: 0,interpolation_duration: 1}
$data merge entity $(left_leg) {transformation: [-0.9996f,0.0254f,0.0084f,0.125f,0.0236f,0.9854f,-0.1687f,-5119.2715f,-0.0126f,-0.1684f,-0.9856f,-4.8031f,0f,0f,0f,1f],start_interpolation: 0,interpolation_duration: 1}
$data merge entity $(door) {transformation: [-2f,0f,0f,0f,0f,2f,0f,2.9475f,0f,0f,-2f,0f,0f,0f,0f,1f],start_interpolation: 0,interpolation_duration: 1}
data modify storage animated_java:temp entry.data merge value {"cameras":{"camera":{"px":8.534257381558117e-16,"py":3.47265625,"pz":-6.96875,"ry":0,"rx":15.625000000000004}},"locators":{}}
# Data Manager: Write
function animated_java:global/data_manager/write with storage animated_java:temp args