# This file was generated by Animated Java via MC-Build. It is not recommended to edit this file directly.
$data merge entity $(head) {transformation: [-0.9976f,0.0699f,-0.001f,0f,0.0668f,0.9484f,-0.3099f,1.3901f,-0.0207f,-0.3092f,-0.9508f,-4.9259f,0f,0f,0f,1f],start_interpolation: 0,interpolation_duration: 1}
$data merge entity $(right_arm) {transformation: [-0.9917f,-0.0591f,0.1146f,-0.25f,-0.0839f,0.9706f,-0.2256f,-1022.6099f,-0.0979f,-0.2334f,-0.9674f,-4.9259f,0f,0f,0f,1f],start_interpolation: 0,interpolation_duration: 1}
$data merge entity $(left_arm) {transformation: [-0.979f,0.1827f,-0.0901f,0.25f,0.1628f,0.4359f,-0.8852f,-2046.6099f,-0.1225f,-0.8813f,-0.4565f,-4.9259f,0f,0f,0f,1f],start_interpolation: 0,interpolation_duration: 1}
$data merge entity $(torso) {transformation: [-1f,0f,0f,0f,0f,0.967f,-0.2546f,-3070.6099f,0f,-0.2546f,-0.967f,-4.9259f,0f,0f,0f,1f],start_interpolation: 0,interpolation_duration: 1}
$data merge entity $(right_leg) {transformation: [-0.999f,-0.0353f,-0.0262f,-0.125f,-0.0232f,0.9299f,-0.367f,-4095.2747f,0.0373f,-0.366f,-0.9299f,-4.7509f,0f,0f,0f,1f],start_interpolation: 0,interpolation_duration: 1}
$data merge entity $(left_leg) {transformation: [-0.9996f,0.0271f,0.0091f,0.125f,0.025f,0.9831f,-0.1811f,-5119.2747f,-0.0139f,-0.1808f,-0.9834f,-4.7509f,0f,0f,0f,1f],start_interpolation: 0,interpolation_duration: 1}
$data merge entity $(door) {transformation: [-2f,0f,0f,0f,0f,2f,0f,2.9573f,0f,0f,-2f,0f,0f,0f,0f,1f],start_interpolation: 0,interpolation_duration: 1}
data modify storage animated_java:temp entry.data merge value {"cameras":{"camera":{"px":8.467857053632062e-16,"py":3.4614820441100824,"pz":-6.914530017575446,"ry":0,"rx":15.852569873113861}},"locators":{}}
# Data Manager: Write
function animated_java:global/data_manager/write with storage animated_java:temp args