# This file was generated by Animated Java via MC-Build. It is not recommended to edit this file directly.
$data merge entity $(head) {transformation: [-0.9903f,0.134f,0.0355f,0f,0.1049f,0.8917f,-0.4404f,1.1273f,-0.0907f,-0.4324f,-0.8971f,-4.5795f,0f,0f,0f,1f],start_interpolation: 0,interpolation_duration: 1}
$data merge entity $(right_arm) {transformation: [-0.8403f,0.4263f,0.335f,-0.25f,0.2441f,0.8492f,-0.4683f,-1022.8727f,-0.4841f,-0.3118f,-0.8176f,-4.5795f,0f,0f,0f,1f],start_interpolation: 0,interpolation_duration: 1}
$data merge entity $(left_arm) {transformation: [-0.7025f,-0.7103f,-0.0433f,0.25f,0.221f,-0.1599f,-0.9621f,-2046.8727f,0.6765f,-0.6855f,0.2693f,-4.5795f,0f,0f,0f,1f],start_interpolation: 0,interpolation_duration: 1}
$data merge entity $(torso) {transformation: [-1f,0f,0f,0f,0f,0.7842f,-0.6205f,-3070.8727f,0f,-0.6205f,-0.7842f,-4.5795f,0f,0f,0f,1f],start_interpolation: 0,interpolation_duration: 1}
$data merge entity $(right_leg) {transformation: [-0.9451f,0.284f,0.1615f,-0.125f,0.0426f,0.5974f,-0.8008f,-4095.4118f,-0.3239f,-0.75f,-0.5767f,-4.1529f,0f,0f,0f,1f],start_interpolation: 0,interpolation_duration: 1}
$data merge entity $(left_leg) {transformation: [-0.9658f,-0.254f,-0.0525f,0.125f,-0.1567f,0.7328f,-0.6621f,-5119.4118f,0.2067f,-0.6312f,-0.7476f,-4.1529f,0f,0f,0f,1f],start_interpolation: 0,interpolation_duration: 1}
data modify storage animated_java:temp entry.data merge value {"cameras":{"camera":{"px":7.528632235720371e-16,"py":2.720298833819242,"pz":-6.147594752186588,"ry":0,"rx":29.074344023323604}},"locators":{}}
# Data Manager: Write
function animated_java:global/data_manager/write with storage animated_java:temp args