# This file was generated by Animated Java via MC-Build. It is not recommended to edit this file directly.
$data merge entity $(head) {transformation: [-0.9984f,0.0559f,-0.0002f,0f,0.0534f,0.9525f,-0.2998f,1.3901f,-0.0166f,-0.2994f,-0.954f,-5.1269f,0f,0f,0f,1f],start_interpolation: 0,interpolation_duration: 1}
$data merge entity $(right_arm) {transformation: [-0.9946f,-0.0487f,0.092f,-0.25f,-0.0691f,0.97f,-0.2333f,-1022.6099f,-0.0778f,-0.2384f,-0.968f,-5.1269f,0f,0f,0f,1f],start_interpolation: 0,interpolation_duration: 1}
$data merge entity $(left_arm) {transformation: [-0.9861f,0.1598f,-0.046f,0.25f,0.132f,0.5836f,-0.8013f,-2046.6099f,-0.1012f,-0.7962f,-0.5965f,-5.1269f,0f,0f,0f,1f],start_interpolation: 0,interpolation_duration: 1}
$data merge entity $(torso) {transformation: [-1f,0f,0f,0f,0f,0.967f,-0.2546f,-3070.6099f,0f,-0.2546f,-0.967f,-5.1269f,0f,0f,0f,1f],start_interpolation: 0,interpolation_duration: 1}
$data merge entity $(right_leg) {transformation: [-0.9993f,-0.0287f,-0.0224f,-0.125f,-0.0192f,0.9385f,-0.3447f,-4095.2747f,0.0309f,-0.3441f,-0.9384f,-4.9518f,0f,0f,0f,1f],start_interpolation: 0,interpolation_duration: 1}
$data merge entity $(left_leg) {transformation: [-0.9996f,0.0271f,0.0091f,0.125f,0.025f,0.9831f,-0.1811f,-5119.2747f,-0.0139f,-0.1808f,-0.9834f,-4.9518f,0f,0f,0f,1f],start_interpolation: 0,interpolation_duration: 1}
$data merge entity $(door) {transformation: [-2f,0f,0f,0f,0f,2f,0f,2.9573f,0f,0f,-2f,0f,0f,0f,0f,1f],start_interpolation: 0,interpolation_duration: 1}
data modify storage animated_java:temp entry.data merge value {"cameras":{"camera":{"px":8.672944603675483e-16,"py":3.4953274554441744,"pz":-7.081996710981423,"ry":0,"rx":15.161558101802354}},"locators":{}}
# Data Manager: Write
function animated_java:global/data_manager/write with storage animated_java:temp args