# This file was generated by Animated Java via MC-Build. It is not recommended to edit this file directly.
$data merge entity $(head) {transformation: [-0.9919f,0.0006f,0.1269f,0f,0.0169f,0.9916f,0.128f,1.4024f,-0.1258f,0.1291f,-0.9836f,-9.9507f,0f,0f,0f,1f],start_interpolation: 0,interpolation_duration: 1}
$data merge entity $(right_arm) {transformation: [-0.9752f,0.119f,-0.1866f,-0.2499f,0.0557f,0.9479f,0.3136f,-1022.6116f,0.2142f,0.2954f,-0.9311f,-9.9792f,0f,0f,0f,1f],start_interpolation: 0,interpolation_duration: 1}
$data merge entity $(left_arm) {transformation: [-0.9857f,-0.1197f,0.1185f,0.2501f,-0.1277f,0.9898f,-0.0625f,-2046.6309f,-0.1098f,-0.0767f,-0.991f,-9.9798f,0f,0f,0f,1f],start_interpolation: 0,interpolation_duration: 1}
$data merge entity $(torso) {transformation: [-1f,0f,0.0037f,0f,0.0012f,0.9532f,0.3023f,-3070.5976f,-0.0035f,0.3023f,-0.9532f,-9.9507f,0f,0f,0f,1f],start_interpolation: 0,interpolation_duration: 1}
$data merge entity $(right_leg) {transformation: [-0.9848f,0.0154f,0.173f,-0.125f,0.0522f,0.9762f,0.2105f,-4095.2905f,-0.1656f,0.2164f,-0.9622f,-10.159f,0f,0f,0f,1f],start_interpolation: 0,interpolation_duration: 1}
$data merge entity $(left_leg) {transformation: [-0.9994f,0.0187f,-0.0305f,0.125f,0.0037f,0.9014f,0.433f,-5119.353f,0.0356f,0.4326f,-0.9009f,-10.1335f,0f,0f,0f,1f],start_interpolation: 0,interpolation_duration: 1}
$data merge entity $(door) {transformation: [-2f,0f,0f,0f,0f,2f,0f,3.0019f,0f,0f,-2f,0f,0f,0f,0f,1f],start_interpolation: 0,interpolation_duration: 1}
data modify storage animated_java:temp entry.data merge value {"cameras":{"camera":{"px":-2.421626081019571,"py":2.08340919435594,"pz":-5.308915566681838,"ry":205.37288685252457,"rx":2.1129381876144704}},"locators":{}}
# Data Manager: Write
function animated_java:global/data_manager/write with storage animated_java:temp args