# This file was generated by Animated Java via MC-Build. It is not recommended to edit this file directly.
$data merge entity $(head) {transformation: [-1f,0.0042f,0.0002f,0f,0.0042f,0.9998f,-0.0188f,1.4373f,-0.0003f,-0.0188f,-0.9998f,-5.526f,0f,0f,0f,1f],start_interpolation: 0,interpolation_duration: 1}
$data merge entity $(right_arm) {transformation: [-1f,-0.0009f,0.007f,-0.25f,-0.001f,0.9999f,-0.0144f,-1022.5627f,-0.007f,-0.0144f,-0.9999f,-5.526f,0f,0f,0f,1f],start_interpolation: 0,interpolation_duration: 1}
$data merge entity $(left_arm) {transformation: [-1f,0.0087f,0.0007f,0.25f,0.0086f,0.9979f,-0.0646f,-2046.5627f,-0.0013f,-0.0646f,-0.9979f,-5.526f,0f,0f,0f,1f],start_interpolation: 0,interpolation_duration: 1}
$data merge entity $(torso) {transformation: [-1f,0f,0f,0f,0f,0.9999f,-0.0167f,-3070.5627f,0f,-0.0167f,-0.9999f,-5.526f,0f,0f,0f,1f],start_interpolation: 0,interpolation_duration: 1}
$data merge entity $(right_leg) {transformation: [-1f,-0.0007f,-0.0007f,-0.125f,-0.0007f,0.9997f,-0.0237f,-4095.2501f,0.0007f,-0.0237f,-0.9997f,-5.5146f,0f,0f,0f,1f],start_interpolation: 0,interpolation_duration: 1}
$data merge entity $(left_leg) {transformation: [-1f,0.0005f,0.0001f,0.125f,0.0005f,0.9999f,-0.0129f,-5119.2501f,-0.0001f,-0.0129f,-0.9999f,-5.5146f,0f,0f,0f,1f],start_interpolation: 0,interpolation_duration: 1}
$data merge entity $(door) {transformation: [-2f,0f,0f,0f,0f,2f,0f,2.8152f,0f,0f,-2f,0f,0f,0f,0f,1f],start_interpolation: 0,interpolation_duration: 1}
data modify storage animated_java:temp entry.data merge value {"cameras":{"camera":{"px":9.429328880420531e-16,"py":3.6137313528806585,"pz":-7.699631344307271,"ry":0,"rx":12.727194787379975}},"locators":{}}
# Data Manager: Write
function animated_java:global/data_manager/write with storage animated_java:temp args