# This file was generated by Animated Java via MC-Build. It is not recommended to edit this file directly.
$data merge entity $(head) {transformation: [-1f,0.0035f,0.0001f,0f,0.0034f,0.9998f,-0.0184f,1.4373f,-0.0002f,-0.0184f,-0.9998f,-5.537f,0f,0f,0f,1f],start_interpolation: 0,interpolation_duration: 1}
$data merge entity $(right_arm) {transformation: [-1f,-0.0006f,0.0057f,-0.25f,-0.0006f,0.9999f,-0.0147f,-1022.5627f,-0.0057f,-0.0147f,-0.9999f,-5.537f,0f,0f,0f,1f],start_interpolation: 0,interpolation_duration: 1}
$data merge entity $(left_arm) {transformation: [-1f,0.0069f,0.0004f,0.25f,0.0069f,0.9984f,-0.0558f,-2046.5627f,-0.0008f,-0.0558f,-0.9984f,-5.537f,0f,0f,0f,1f],start_interpolation: 0,interpolation_duration: 1}
$data merge entity $(torso) {transformation: [-1f,0f,0f,0f,0f,0.9999f,-0.0167f,-3070.5627f,0f,-0.0167f,-0.9999f,-5.537f,0f,0f,0f,1f],start_interpolation: 0,interpolation_duration: 1}
$data merge entity $(right_leg) {transformation: [-1f,-0.0005f,-0.0005f,-0.125f,-0.0005f,0.9997f,-0.0224f,-4095.2501f,0.0005f,-0.0224f,-0.9997f,-5.5255f,0f,0f,0f,1f],start_interpolation: 0,interpolation_duration: 1}
$data merge entity $(left_leg) {transformation: [-1f,0.0005f,0.0001f,0.125f,0.0005f,0.9999f,-0.0129f,-5119.2501f,-0.0001f,-0.0129f,-0.9999f,-5.5255f,0f,0f,0f,1f],start_interpolation: 0,interpolation_duration: 1}
$data merge entity $(door) {transformation: [-2f,0f,0f,0f,0f,2f,0f,2.8152f,0f,0f,-2f,0f,0f,0f,0f,1f],start_interpolation: 0,interpolation_duration: 1}
data modify storage animated_java:temp entry.data merge value {"cameras":{"camera":{"px":9.440495647105767e-16,"py":3.6156800659061465,"pz":-7.708749701284164,"ry":0,"rx":12.687687876539178}},"locators":{}}
# Data Manager: Write
function animated_java:global/data_manager/write with storage animated_java:temp args