# This file was generated by Animated Java via MC-Build. It is not recommended to edit this file directly.
$data merge entity $(head) {transformation: [-0.9978f,0.0114f,0.066f,0f,0.0199f,0.9913f,0.13f,1.4025f,-0.064f,0.131f,-0.9893f,-12.9989f,0f,0f,0f,1f],start_interpolation: 0,interpolation_duration: 1}
$data merge entity $(right_arm) {transformation: [-0.9815f,0.0991f,-0.1641f,-0.2467f,0.1254f,0.9793f,-0.1588f,-1022.6198f,0.145f,-0.1764f,-0.9736f,-13.0667f,0f,0f,0f,1f],start_interpolation: 0,interpolation_duration: 1}
$data merge entity $(left_arm) {transformation: [-0.9925f,-0.1006f,0.0695f,0.2481f,-0.0637f,0.9104f,0.4089f,-2046.6286f,-0.1044f,0.4014f,-0.9099f,-12.9698f,0f,0f,0f,1f],start_interpolation: 0,interpolation_duration: 1}
$data merge entity $(torso) {transformation: [-0.9979f,0f,0.0654f,0f,0.0198f,0.9533f,0.3014f,-3070.5975f,-0.0624f,0.3021f,-0.9512f,-12.9989f,0f,0f,0f,1f],start_interpolation: 0,interpolation_duration: 1}
$data merge entity $(right_leg) {transformation: [-0.9848f,-0.0641f,0.1614f,-0.125f,0.0522f,0.777f,0.6273f,-4095.2708f,-0.1656f,0.6262f,-0.7618f,-13.2463f,0f,0f,0f,1f],start_interpolation: 0,interpolation_duration: 1}
$data merge entity $(left_leg) {transformation: [-0.9982f,0.0312f,-0.0508f,0.125f,0.0231f,0.9879f,0.1534f,-5119.3125f,0.055f,0.152f,-0.9869f,-13.1421f,0f,0f,0f,1f],start_interpolation: 0,interpolation_duration: 1}
$data merge entity $(door) {transformation: [-2f,0f,0f,0f,0f,2f,0f,2.8168f,0f,0f,-2f,0f,0f,0f,0f,1f],start_interpolation: 0,interpolation_duration: 1}
data modify storage animated_java:temp entry.data merge value {"cameras":{"camera":{"px":0.05401234567901312,"py":2.939900548696845,"pz":-6.313700274348422,"ry":179.17310341994772,"rx":14.869122893382565}},"locators":{}}
# Data Manager: Write
function animated_java:global/data_manager/write with storage animated_java:temp args