# This file was generated by Animated Java via MC-Build. It is not recommended to edit this file directly.
$data merge entity $(head) {transformation: [-0.9906f,0.1304f,0.0423f,0f,0.1006f,0.9012f,-0.4216f,1.0967f,-0.0931f,-0.4134f,-0.9058f,-4.6169f,0f,0f,0f,1f],start_interpolation: 0,interpolation_duration: 1}
$data merge entity $(right_arm) {transformation: [-0.7845f,0.5005f,0.3662f,-0.25f,0.2949f,0.8206f,-0.4896f,-1022.9033f,-0.5456f,-0.2761f,-0.7913f,-4.6169f,0f,0f,0f,1f],start_interpolation: 0,interpolation_duration: 1}
$data merge entity $(left_arm) {transformation: [-0.5745f,-0.8147f,-0.0792f,0.25f,0.2808f,-0.1053f,-0.954f,-2046.9033f,0.7688f,-0.5703f,0.2893f,-4.6169f,0f,0f,0f,1f],start_interpolation: 0,interpolation_duration: 1}
$data merge entity $(torso) {transformation: [-1f,0f,0f,0f,0f,0.7629f,-0.6465f,-3070.9033f,0f,-0.6465f,-0.7629f,-4.6169f,0f,0f,0f,1f],start_interpolation: 0,interpolation_duration: 1}
$data merge entity $(right_leg) {transformation: [-0.9207f,0.3397f,0.192f,-0.125f,0.0354f,0.5627f,-0.8259f,-4095.4278f,-0.3886f,-0.7536f,-0.5301f,-4.1724f,0f,0f,0f,1f],start_interpolation: 0,interpolation_duration: 1}
$data merge entity $(left_leg) {transformation: [-0.9503f,-0.3072f,-0.0505f,0.125f,-0.1793f,0.6726f,-0.718f,-5119.4278f,0.2545f,-0.6733f,-0.6942f,-4.1724f,0f,0f,0f,1f],start_interpolation: 0,interpolation_duration: 1}
data modify storage animated_java:temp entry.data merge value {"cameras":{"camera":{"px":7.577502069724248e-16,"py":2.6875,"pz":-6.1875,"ry":0,"rx":30}},"locators":{}}
# Data Manager: Write
function animated_java:global/data_manager/write with storage animated_java:temp args