# This file was generated by Animated Java via MC-Build. It is not recommended to edit this file directly.
$data merge entity $(head) {transformation: [-0.9976f,0.0107f,0.0681f,0f,0.0194f,0.9916f,0.1282f,1.4025f,-0.0662f,0.1293f,-0.9894f,-9.7242f,0f,0f,0f,1f],start_interpolation: 0,interpolation_duration: 1}
$data merge entity $(right_arm) {transformation: [-0.9814f,0.0991f,-0.1647f,-0.247f,0.1213f,0.984f,-0.1308f,-1022.6193f,0.1491f,-0.1483f,-0.9776f,-9.7897f,0f,0f,0f,1f],start_interpolation: 0,interpolation_duration: 1}
$data merge entity $(left_arm) {transformation: [-0.9922f,-0.1022f,0.0712f,0.2484f,-0.0675f,0.9216f,0.3823f,-2046.6288f,-0.1047f,0.3745f,-0.9213f,-9.6985f,0f,0f,0f,1f],start_interpolation: 0,interpolation_duration: 1}
$data merge entity $(torso) {transformation: [-0.9981f,0f,0.0618f,0f,0.0187f,0.9533f,0.3015f,-3070.5975f,-0.0589f,0.3021f,-0.9514f,-9.7242f,0f,0f,0f,1f],start_interpolation: 0,interpolation_duration: 1}
$data merge entity $(right_leg) {transformation: [-0.9848f,-0.0596f,0.1631f,-0.125f,0.0522f,0.7941f,0.6056f,-4095.272f,-0.1656f,0.6049f,-0.7789f,-9.9693f,0f,0f,0f,1f],start_interpolation: 0,interpolation_duration: 1}
$data merge entity $(left_leg) {transformation: [-0.9983f,0.0304f,-0.0495f,0.125f,0.0219f,0.9864f,0.1631f,-5119.3345f,0.0538f,0.1617f,-0.9854f,-9.8698f,0f,0f,0f,1f],start_interpolation: 0,interpolation_duration: 1}
$data merge entity $(door) {transformation: [-2f,0f,0f,0f,0f,2f,0f,3.0093f,0f,0f,-2f,0f,0f,0f,0f,1f],start_interpolation: 0,interpolation_duration: 1}
data modify storage animated_java:temp entry.data merge value {"cameras":{"camera":{"px":-2.606366636322256,"py":2.0862824305871643,"pz":-5.3552002730996815,"ry":210.34291076986432,"rx":2.0984068936150395}},"locators":{}}
# Data Manager: Write
function animated_java:global/data_manager/write with storage animated_java:temp args