# This file was generated by Animated Java via MC-Build. It is not recommended to edit this file directly.
$data merge entity $(head) {transformation: [-0.9982f,0.0597f,-0.0004f,0f,0.0567f,0.9458f,-0.3197f,1.3834f,-0.0187f,-0.3191f,-0.9475f,-5.0975f,0f,0f,0f,1f],start_interpolation: 0,interpolation_duration: 1}
$data merge entity $(right_arm) {transformation: [-0.9938f,-0.0518f,0.0981f,-0.25f,-0.0749f,0.9657f,-0.2486f,-1022.6166f,-0.0818f,-0.2545f,-0.9636f,-5.0975f,0f,0f,0f,1f],start_interpolation: 0,interpolation_duration: 1}
$data merge entity $(left_arm) {transformation: [-0.9842f,0.1675f,-0.0569f,0.25f,0.1386f,0.5301f,-0.8365f,-2046.6166f,-0.11f,-0.8312f,-0.5449f,-5.0975f,0f,0f,0f,1f],start_interpolation: 0,interpolation_duration: 1}
$data merge entity $(torso) {transformation: [-1f,0f,0f,0f,0f,0.9623f,-0.2718f,-3070.6166f,0f,-0.2718f,-0.9623f,-5.0975f,0f,0f,0f,1f],start_interpolation: 0,interpolation_duration: 1}
$data merge entity $(right_leg) {transformation: [-0.9993f,-0.0306f,-0.0236f,-0.125f,-0.0198f,0.9298f,-0.3675f,-4095.2782f,0.0332f,-0.3667f,-0.9297f,-4.9106f,0f,0f,0f,1f],start_interpolation: 0,interpolation_duration: 1}
$data merge entity $(left_leg) {transformation: [-0.9995f,0.0287f,0.0098f,0.125f,0.0263f,0.9807f,-0.1938f,-5119.2782f,-0.0152f,-0.1935f,-0.981f,-4.9106f,0f,0f,0f,1f],start_interpolation: 0,interpolation_duration: 1}
$data merge entity $(door) {transformation: [-2f,0f,0f,0f,0f,2f,0f,2.9668f,0f,0f,-2f,0f,0f,0f,0f,1f],start_interpolation: 0,interpolation_duration: 1}
data modify storage animated_java:temp entry.data merge value {"cameras":{"camera":{"px":8.617614118009917e-16,"py":3.486380130051442,"pz":-7.036815940734778,"ry":0,"rx":15.344718075138044}},"locators":{}}
# Data Manager: Write
function animated_java:global/data_manager/write with storage animated_java:temp args