# This file was generated by Animated Java via MC-Build. It is not recommended to edit this file directly.
$data merge entity $(head) {transformation: [-0.9972f,0.0744f,-0.0013f,0f,0.0707f,0.9415f,-0.3296f,1.3834f,-0.0233f,-0.3288f,-0.9441f,-4.8859f,0f,0f,0f,1f],start_interpolation: 0,interpolation_duration: 1}
$data merge entity $(right_arm) {transformation: [-0.9906f,-0.0617f,0.1219f,-0.25f,-0.0897f,0.9666f,-0.2401f,-1022.6166f,-0.103f,-0.2488f,-0.9631f,-4.8859f,0f,0f,0f,1f],start_interpolation: 0,interpolation_duration: 1}
$data merge entity $(left_arm) {transformation: [-0.9767f,0.1864f,-0.106f,0.25f,0.1698f,0.3701f,-0.9133f,-2046.6166f,-0.1311f,-0.9101f,-0.3931f,-4.8859f,0f,0f,0f,1f],start_interpolation: 0,interpolation_duration: 1}
$data merge entity $(torso) {transformation: [-1f,0f,0f,0f,0f,0.9623f,-0.2718f,-3070.6166f,0f,-0.2718f,-0.9623f,-4.8859f,0f,0f,0f,1f],start_interpolation: 0,interpolation_duration: 1}
$data merge entity $(right_leg) {transformation: [-0.9989f,-0.037f,-0.0271f,-0.125f,-0.0235f,0.9203f,-0.3906f,-4095.2782f,0.0394f,-0.3895f,-0.9202f,-4.699f,0f,0f,0f,1f],start_interpolation: 0,interpolation_duration: 1}
$data merge entity $(left_leg) {transformation: [-0.9995f,0.0287f,0.0098f,0.125f,0.0263f,0.9807f,-0.1938f,-5119.2782f,-0.0152f,-0.1935f,-0.981f,-4.699f,0f,0f,0f,1f],start_interpolation: 0,interpolation_duration: 1}
$data merge entity $(door) {transformation: [-2f,0f,0f,0f,0f,2f,0f,2.9668f,0f,0f,-2f,0f,0f,0f,0f,1f],start_interpolation: 0,interpolation_duration: 1}
data modify storage animated_java:temp entry.data merge value {"cameras":{"camera":{"px":8.401702804747115e-16,"py":3.450102880658436,"pz":-6.8605109739369,"ry":0,"rx":16.083676268861453}},"locators":{}}
# Data Manager: Write
function animated_java:global/data_manager/write with storage animated_java:temp args