# This file was generated by Animated Java via MC-Build. It is not recommended to edit this file directly.
$data merge entity $(head) {transformation: [-0.9996f,0.0191f,0.0187f,0f,0.0214f,0.9912f,0.1305f,1.4027f,-0.0161f,0.1309f,-0.9913f,-9.4952f,0f,0f,0f,1f],start_interpolation: 0,interpolation_duration: 1}
$data merge entity $(right_arm) {transformation: [-0.9798f,0.1057f,-0.1698f,-0.2423f,0.1763f,0.8574f,-0.4835f,-1022.6257f,0.0945f,-0.5036f,-0.8587f,-9.5915f,0f,0f,0f,1f],start_interpolation: 0,interpolation_duration: 1}
$data merge entity $(left_arm) {transformation: [-0.9948f,-0.0825f,0.06f,0.243f,-0.0165f,0.7111f,0.7029f,-2046.6267f,-0.1006f,0.6983f,-0.7087f,-9.424f,0f,0f,0f,1f],start_interpolation: 0,interpolation_duration: 1}
$data merge entity $(torso) {transformation: [-0.9939f,0f,0.1103f,0f,0.0332f,0.9535f,0.2994f,-3070.5973f,-0.1051f,0.3013f,-0.9477f,-9.4952f,0f,0f,0f,1f],start_interpolation: 0,interpolation_duration: 1}
$data merge entity $(right_leg) {transformation: [-0.9848f,-0.1143f,0.1307f,-0.125f,0.0522f,0.5231f,0.8507f,-4095.2565f,-0.1656f,0.8446f,-0.5092f,-9.7707f,0f,0f,0f,1f],start_interpolation: 0,interpolation_duration: 1}
$data merge entity $(left_leg) {transformation: [-0.9969f,0.0319f,-0.0717f,0.125f,0.0372f,0.9966f,-0.0734f,-5119.319f,0.0691f,-0.0758f,-0.9947f,-9.6092f,0f,0f,0f,1f],start_interpolation: 0,interpolation_duration: 1}
$data merge entity $(door) {transformation: [-2f,0f,0f,0f,0f,2f,0f,3.015f,0f,0f,-2f,0f,0f,0f,0f,1f],start_interpolation: 0,interpolation_duration: 1}
data modify storage animated_java:temp entry.data merge value {"cameras":{"camera":{"px":-2.7400432407828856,"py":2.080080791989076,"pz":-5.41838302230314,"ry":216.03731065201782,"rx":2.009387384483222}},"locators":{}}
# Data Manager: Write
function animated_java:global/data_manager/write with storage animated_java:temp args