# This file was generated by Animated Java via MC-Build. It is not recommended to edit this file directly.
$data merge entity $(head) {transformation: [-0.9969f,0.0789f,-0.0016f,0f,0.0745f,0.9341f,-0.3492f,1.3761f,-0.0261f,-0.3482f,-0.937f,-4.8465f,0f,0f,0f,1f],start_interpolation: 0,interpolation_duration: 1}
$data merge entity $(right_arm) {transformation: [-0.9896f,-0.0638f,0.1291f,-0.25f,-0.0952f,0.9624f,-0.2545f,-1022.6239f,-0.108f,-0.2642f,-0.9584f,-4.8465f,0f,0f,0f,1f],start_interpolation: 0,interpolation_duration: 1}
$data merge entity $(left_arm) {transformation: [-0.9745f,0.1881f,-0.1223f,0.25f,0.176f,0.3033f,-0.9365f,-2046.6239f,-0.1391f,-0.9341f,-0.3287f,-4.8465f,0f,0f,0f,1f],start_interpolation: 0,interpolation_duration: 1}
$data merge entity $(torso) {transformation: [-1f,0f,0f,0f,0f,0.9573f,-0.2892f,-3070.6239f,0f,-0.2892f,-0.9573f,-4.8465f,0f,0f,0f,1f],start_interpolation: 0,interpolation_duration: 1}
$data merge entity $(right_leg) {transformation: [-0.9989f,-0.0385f,-0.0277f,-0.125f,-0.0236f,0.9099f,-0.4141f,-4095.2821f,0.0411f,-0.413f,-0.9098f,-4.6477f,0f,0f,0f,1f],start_interpolation: 0,interpolation_duration: 1}
$data merge entity $(left_leg) {transformation: [-0.9995f,0.0302f,0.0105f,0.125f,0.0274f,0.978f,-0.2067f,-5119.2821f,-0.0166f,-0.2063f,-0.9783f,-4.6477f,0f,0f,0f,1f],start_interpolation: 0,interpolation_duration: 1}
$data merge entity $(door) {transformation: [-2f,0f,0f,0f,0f,2f,0f,2.9758f,0f,0f,-2f,0f,0f,0f,0f,1f],start_interpolation: 0,interpolation_duration: 1}
data modify storage animated_java:temp entry.data merge value {"cameras":{"camera":{"px":8.336040713944388e-16,"py":3.4385308159722223,"pz":-6.80689380787037,"ry":0,"rx":16.317997685185187}},"locators":{}}
# Data Manager: Write
function animated_java:global/data_manager/write with storage animated_java:temp args