# This file was generated by Animated Java via MC-Build. It is not recommended to edit this file directly.
$data merge entity $(head) {transformation: [-0.998f,0.0635f,-0.0006f,0f,0.0599f,0.9387f,-0.3395f,1.3761f,-0.021f,-0.3389f,-0.9406f,-5.068f,0f,0f,0f,1f],start_interpolation: 0,interpolation_duration: 1}
$data merge entity $(right_arm) {transformation: [-0.993f,-0.0547f,0.1042f,-0.25f,-0.0807f,0.9611f,-0.264f,-1022.6239f,-0.0857f,-0.2706f,-0.9589f,-5.068f,0f,0f,0f,1f],start_interpolation: 0,interpolation_duration: 1}
$data merge entity $(left_arm) {transformation: [-0.9823f,0.1742f,-0.0686f,0.25f,0.1448f,0.4743f,-0.8684f,-2046.6239f,-0.1187f,-0.8629f,-0.4912f,-5.068f,0f,0f,0f,1f],start_interpolation: 0,interpolation_duration: 1}
$data merge entity $(torso) {transformation: [-1f,0f,0f,0f,0f,0.9573f,-0.2892f,-3070.6239f,0f,-0.2892f,-0.9573f,-5.068f,0f,0f,0f,1f],start_interpolation: 0,interpolation_duration: 1}
$data merge entity $(right_leg) {transformation: [-0.9992f,-0.0325f,-0.0247f,-0.125f,-0.0203f,0.9205f,-0.3902f,-4095.2821f,0.0354f,-0.3893f,-0.9204f,-4.8692f,0f,0f,0f,1f],start_interpolation: 0,interpolation_duration: 1}
$data merge entity $(left_leg) {transformation: [-0.9995f,0.0302f,0.0105f,0.125f,0.0274f,0.978f,-0.2067f,-5119.2821f,-0.0166f,-0.2063f,-0.9783f,-4.8692f,0f,0f,0f,1f],start_interpolation: 0,interpolation_duration: 1}
$data merge entity $(door) {transformation: [-2f,0f,0f,0f,0f,2f,0f,2.9758f,0f,0f,-2f,0f,0f,0f,0f,1f],start_interpolation: 0,interpolation_duration: 1}
data modify storage animated_java:temp entry.data merge value {"cameras":{"camera":{"px":8.562067027572281e-16,"py":3.4772700831373338,"pz":-6.9914582992692464,"ry":0,"rx":15.530865206837136}},"locators":{}}
# Data Manager: Write
function animated_java:global/data_manager/write with storage animated_java:temp args