# This file was generated by Animated Java via MC-Build. It is not recommended to edit this file directly.
$data merge entity $(head) {transformation: [-0.9908f,0.1263f,0.0485f,0f,0.0964f,0.9106f,-0.4019f,1.0671f,-0.095f,-0.3936f,-0.9144f,-4.6507f,0f,0f,0f,1f],start_interpolation: 0,interpolation_duration: 1}
$data merge entity $(right_arm) {transformation: [-0.7223f,0.5653f,0.3984f,-0.25f,0.3369f,0.7908f,-0.511f,-1022.9329f,-0.6039f,-0.2349f,-0.7616f,-4.6507f,0f,0f,0f,1f],start_interpolation: 0,interpolation_duration: 1}
$data merge entity $(left_arm) {transformation: [-0.4424f,-0.8883f,-0.123f,0.25f,0.3571f,-0.0487f,-0.9328f,-2046.9329f,0.8226f,-0.4566f,0.3388f,-4.6507f,0f,0f,0f,1f],start_interpolation: 0,interpolation_duration: 1}
$data merge entity $(torso) {transformation: [-1f,0f,0f,0f,0f,0.7423f,-0.67f,-3070.9329f,0f,-0.67f,-0.7423f,-4.6507f,0f,0f,0f,1f],start_interpolation: 0,interpolation_duration: 1}
$data merge entity $(right_leg) {transformation: [-0.8933f,0.3921f,0.2198f,-0.125f,0.0234f,0.529f,-0.8483f,-4095.4433f,-0.4489f,-0.7526f,-0.4818f,-4.19f,0f,0f,0f,1f],start_interpolation: 0,interpolation_duration: 1}
$data merge entity $(left_leg) {transformation: [-0.9327f,-0.358f,-0.044f,0.125f,-0.1979f,0.61f,-0.7673f,-5119.4433f,0.3015f,-0.707f,-0.6398f,-4.19f,0f,0f,0f,1f],start_interpolation: 0,interpolation_duration: 1}
data modify storage animated_java:temp entry.data merge value {"cameras":{"camera":{"px":7.670575226459447e-16,"py":2.7085,"pz":-6.2635000000000005,"ry":0,"rx":30}},"locators":{}}
# Data Manager: Write
function animated_java:global/data_manager/write with storage animated_java:temp args