# This file was generated by Animated Java via MC-Build. It is not recommended to edit this file directly.
$data merge entity $(head) {transformation: [-0.9977f,0.0673f,-0.0008f,0f,0.0631f,0.9311f,-0.3593f,1.3682f,-0.0234f,-0.3585f,-0.9332f,-5.0386f,0f,0f,0f,1f],start_interpolation: 0,interpolation_duration: 1}
$data merge entity $(right_arm) {transformation: [-0.9922f,-0.0574f,0.1103f,-0.25f,-0.0864f,0.9563f,-0.2794f,-1022.6318f,-0.0895f,-0.2867f,-0.9538f,-5.0386f,0f,0f,0f,1f],start_interpolation: 0,interpolation_duration: 1}
$data merge entity $(left_arm) {transformation: [-0.9804f,0.1797f,-0.0811f,0.25f,0.1505f,0.4167f,-0.8965f,-2046.6318f,-0.1273f,-0.8911f,-0.4356f,-5.0386f,0f,0f,0f,1f],start_interpolation: 0,interpolation_duration: 1}
$data merge entity $(torso) {transformation: [-1f,0f,0f,0f,0f,0.9518f,-0.3067f,-3070.6318f,0f,-0.3067f,-0.9518f,-5.0386f,0f,0f,0f,1f],start_interpolation: 0,interpolation_duration: 1}
$data merge entity $(right_leg) {transformation: [-0.9991f,-0.0342f,-0.0256f,-0.125f,-0.0206f,0.9106f,-0.4128f,-4095.2861f,0.0375f,-0.4119f,-0.9104f,-4.8278f,0f,0f,0f,1f],start_interpolation: 0,interpolation_duration: 1}
$data merge entity $(left_leg) {transformation: [-0.9994f,0.0316f,0.0112f,0.125f,0.0284f,0.9751f,-0.2199f,-5119.2861f,-0.0179f,-0.2195f,-0.9755f,-4.8278f,0f,0f,0f,1f],start_interpolation: 0,interpolation_duration: 1}
$data merge entity $(door) {transformation: [-2f,0f,0f,0f,0f,2f,0f,2.9843f,0f,0f,-2f,0f,0f,0f,0f,1f],start_interpolation: 0,interpolation_duration: 1}
data modify storage animated_java:temp entry.data merge value {"cameras":{"camera":{"px":8.506447735543954e-16,"py":3.4680043895506056,"pz":-6.946041700730753,"ry":0,"rx":15.719810834266168}},"locators":{}}
# Data Manager: Write
function animated_java:global/data_manager/write with storage animated_java:temp args