# This file was generated by Animated Java via MC-Build. It is not recommended to edit this file directly.
$data merge entity $(head) {transformation: [-0.991f,0.1222f,0.054f,0f,0.0924f,0.9191f,-0.3829f,1.0392f,-0.0964f,-0.3745f,-0.9222f,-4.6808f,0f,0f,0f,1f],start_interpolation: 0,interpolation_duration: 1}
$data merge entity $(right_arm) {transformation: [-0.6577f,0.6187f,0.4296f,-0.25f,0.3692f,0.7619f,-0.5321f,-1022.9608f,-0.6566f,-0.1914f,-0.7296f,-4.6808f,0f,0f,0f,1f],start_interpolation: 0,interpolation_duration: 1}
$data merge entity $(left_arm) {transformation: [-0.3197f,-0.9333f,-0.1636f,0.25f,0.4417f,0.006f,-0.8972f,-2046.9608f,0.8383f,-0.3591f,0.4103f,-4.6808f,0f,0f,0f,1f],start_interpolation: 0,interpolation_duration: 1}
$data merge entity $(torso) {transformation: [-1f,0f,0f,0f,0f,0.7229f,-0.691f,-3070.9608f,0f,-0.691f,-0.7229f,-4.6808f,0f,0f,0f,1f],start_interpolation: 0,interpolation_duration: 1}
$data merge entity $(right_leg) {transformation: [-0.8646f,0.4393f,0.244f,-0.125f,0.0078f,0.4973f,-0.8676f,-4095.4578f,-0.5024f,-0.7482f,-0.4334f,-4.2057f,0f,0f,0f,1f],start_interpolation: 0,interpolation_duration: 1}
$data merge entity $(left_leg) {transformation: [-0.914f,-0.4042f,-0.034f,0.125f,-0.2122f,0.5481f,-0.809f,-5119.4578f,0.3457f,-0.7323f,-0.5868f,-4.2057f,0f,0f,0f,1f],start_interpolation: 0,interpolation_duration: 1}
data modify storage animated_java:temp entry.data merge value {"cameras":{"camera":{"px":7.807735667963952e-16,"py":2.7880000000000003,"pz":-6.375500000000001,"ry":0,"rx":30}},"locators":{}}
# Data Manager: Write
function animated_java:global/data_manager/write with storage animated_java:temp args