# This file was generated by Animated Java via MC-Build. It is not recommended to edit this file directly.
$data merge entity $(head) {transformation: [-0.9965f,0.0833f,-0.0018f,0f,0.0781f,0.9263f,-0.3685f,1.3682f,-0.029f,-0.3674f,-0.9296f,-4.808f,0f,0f,0f,1f],start_interpolation: 0,interpolation_duration: 1}
$data merge entity $(right_arm) {transformation: [-0.9885f,-0.0654f,0.1362f,-0.25f,-0.1004f,0.9579f,-0.2689f,-1022.6318f,-0.1128f,-0.2795f,-0.9535f,-4.808f,0f,0f,0f,1f],start_interpolation: 0,interpolation_duration: 1}
$data merge entity $(left_arm) {transformation: [-0.9724f,0.1877f,-0.1386f,0.25f,0.1816f,0.2362f,-0.9546f,-2046.6318f,-0.1465f,-0.9534f,-0.2637f,-4.808f,0f,0f,0f,1f],start_interpolation: 0,interpolation_duration: 1}
$data merge entity $(torso) {transformation: [-1f,0f,0f,0f,0f,0.9518f,-0.3067f,-3070.6318f,0f,-0.3067f,-0.9518f,-4.808f,0f,0f,0f,1f],start_interpolation: 0,interpolation_duration: 1}
$data merge entity $(right_leg) {transformation: [-0.9988f,-0.0396f,-0.0281f,-0.125f,-0.0234f,0.899f,-0.4374f,-4095.2861f,0.0426f,-0.4362f,-0.8988f,-4.5972f,0f,0f,0f,1f],start_interpolation: 0,interpolation_duration: 1}
$data merge entity $(left_leg) {transformation: [-0.9994f,0.0316f,0.0112f,0.125f,0.0284f,0.9751f,-0.2199f,-5119.2861f,-0.0179f,-0.2195f,-0.9755f,-4.5972f,0f,0f,0f,1f],start_interpolation: 0,interpolation_duration: 1}
$data merge entity $(door) {transformation: [-2f,0f,0f,0f,0f,2f,0f,2.9843f,0f,0f,-2f,0f,0f,0f,0f,1f],start_interpolation: 0,interpolation_duration: 1}
data modify storage animated_java:temp entry.data merge value {"cameras":{"camera":{"px":8.271116860264989e-16,"py":3.426777906378601,"pz":-6.753879458161865,"ry":0,"rx":16.555212620027437}},"locators":{}}
# Data Manager: Write
function animated_java:global/data_manager/write with storage animated_java:temp args