# This file was generated by Animated Java via MC-Build. It is not recommended to edit this file directly.
$data merge entity $(head) {transformation: [-0.9912f,0.1183f,0.0586f,0f,0.0889f,0.9264f,-0.366f,1.0135f,-0.0976f,-0.3576f,-0.9288f,-4.7069f,0f,0f,0f,1f],start_interpolation: 0,interpolation_duration: 1}
$data merge entity $(right_arm) {transformation: [-0.5953f,0.6602f,0.458f,-0.25f,0.3916f,0.7361f,-0.5521f,-1022.9865f,-0.7016f,-0.1493f,-0.6967f,-4.7069f,0f,0f,0f,1f],start_interpolation: 0,interpolation_duration: 1}
$data merge entity $(left_arm) {transformation: [-0.2164f,-0.9569f,-0.1938f,0.25f,0.5249f,0.0533f,-0.8495f,-2046.9865f,0.8232f,-0.2855f,0.4908f,-4.7069f,0f,0f,0f,1f],start_interpolation: 0,interpolation_duration: 1}
$data merge entity $(torso) {transformation: [-1f,0f,0f,0f,0f,0.705f,-0.7092f,-3070.9865f,0f,-0.7092f,-0.705f,-4.7069f,0f,0f,0f,1f],start_interpolation: 0,interpolation_duration: 1}
$data merge entity $(right_leg) {transformation: [-0.8367f,0.48f,0.2637f,-0.125f,-0.0098f,0.4683f,-0.8835f,-4095.4712f,-0.5476f,-0.7418f,-0.3871f,-4.2194f,0f,0f,0f,1f],start_interpolation: 0,interpolation_duration: 1}
$data merge entity $(left_leg) {transformation: [-0.8957f,-0.4442f,-0.0221f,0.125f,-0.2223f,0.4902f,-0.8428f,-5119.4712f,0.3852f,-0.7499f,-0.5378f,-4.2194f,0f,0f,0f,1f],start_interpolation: 0,interpolation_duration: 1}
data modify storage animated_java:temp entry.data merge value {"cameras":{"camera":{"px":7.9595918710582215e-16,"py":2.8945,"pz":-6.499499999999999,"ry":0,"rx":30}},"locators":{}}
# Data Manager: Write
function animated_java:global/data_manager/write with storage animated_java:temp args