# This file was generated by Animated Java via MC-Build. It is not recommended to edit this file directly.
$data merge entity $(head) {transformation: [-0.9997f,0.0209f,0.0105f,0.0003f,0.0221f,0.9907f,0.1346f,1.4035f,-0.0076f,0.1348f,-0.9908f,-9.0313f,0f,0f,0f,1f],start_interpolation: 0,interpolation_duration: 1}
$data merge entity $(right_arm) {transformation: [-0.9777f,0.1135f,-0.1766f,-0.241f,0.1892f,0.8413f,-0.5063f,-1022.6248f,0.0911f,-0.5284f,-0.8441f,-9.1321f,0f,0f,0f,1f],start_interpolation: 0,interpolation_duration: 1}
$data merge entity $(left_arm) {transformation: [-0.9947f,-0.0836f,0.0602f,0.2421f,-0.0092f,0.6537f,0.7567f,-2046.6232f,-0.1026f,0.7521f,-0.651f,-8.9518f,0f,0f,0f,1f],start_interpolation: 0,interpolation_duration: 1}
$data merge entity $(torso) {transformation: [-0.993f,0.0004f,0.1184f,0.0003f,0.0356f,0.9547f,0.2956f,-3070.5965f,-0.1129f,0.2977f,-0.948f,-9.0313f,0f,0f,0f,1f],start_interpolation: 0,interpolation_duration: 1}
$data merge entity $(right_leg) {transformation: [-0.9843f,-0.1252f,0.1247f,-0.125f,0.0494f,0.4829f,0.8743f,-4095.2539f,-0.1697f,0.8667f,-0.4691f,-9.3086f,0f,0f,0f,1f],start_interpolation: 0,interpolation_duration: 1}
$data merge entity $(left_leg) {transformation: [-0.9964f,0.0326f,-0.0784f,0.125f,0.0415f,0.9926f,-0.1144f,-5119.3171f,0.0741f,-0.1173f,-0.9903f,-9.1367f,0f,0f,0f,1f],start_interpolation: 0,interpolation_duration: 1}
$data merge entity $(door) {transformation: [-2f,0f,0f,0f,0f,2f,0f,3.0207f,0f,0f,-2f,0f,0f,0f,0f,1f],start_interpolation: 0,interpolation_duration: 1}
data modify storage animated_java:temp entry.data merge value {"cameras":{"camera":{"px":-2.8237938097405544,"py":2.0340521165225307,"pz":-5.618314747382794,"ry":230.3529305236712,"rx":1.639817170335343}},"locators":{}}
# Data Manager: Write
function animated_java:global/data_manager/write with storage animated_java:temp args