# This file was generated by Animated Java via MC-Build. It is not recommended to edit this file directly.
$data merge entity $(head) {transformation: [-0.9961f,0.0877f,-0.0021f,0f,0.0817f,0.9183f,-0.3875f,1.3599f,-0.032f,-0.3861f,-0.9219f,-4.7706f,0f,0f,0f,1f],start_interpolation: 0,interpolation_duration: 1}
$data merge entity $(right_arm) {transformation: [-0.9875f,-0.0664f,0.1431f,-0.25f,-0.1052f,0.9533f,-0.2832f,-1022.6401f,-0.1176f,-0.2947f,-0.9483f,-4.7706f,0f,0f,0f,1f],start_interpolation: 0,interpolation_duration: 1}
$data merge entity $(left_arm) {transformation: [-0.9705f,0.1851f,-0.1546f,0.25f,0.1865f,0.1694f,-0.9677f,-2046.6401f,-0.153f,-0.968f,-0.1989f,-4.7706f,0f,0f,0f,1f],start_interpolation: 0,interpolation_duration: 1}
$data merge entity $(torso) {transformation: [-1f,0f,0f,0f,0f,0.946f,-0.3242f,-3070.6401f,0f,-0.3242f,-0.946f,-4.7706f,0f,0f,0f,1f],start_interpolation: 0,interpolation_duration: 1}
$data merge entity $(right_leg) {transformation: [-0.9988f,-0.0404f,-0.0282f,-0.125f,-0.0229f,0.8874f,-0.4604f,-4095.2905f,0.0436f,-0.4592f,-0.8872f,-4.5477f,0f,0f,0f,1f],start_interpolation: 0,interpolation_duration: 1}
$data merge entity $(left_leg) {transformation: [-0.9994f,0.0329f,0.0118f,0.125f,0.0292f,0.972f,-0.2333f,-5119.2905f,-0.0191f,-0.2328f,-0.9723f,-4.5477f,0f,0f,0f,1f],start_interpolation: 0,interpolation_duration: 1}
$data merge entity $(door) {transformation: [-2f,0f,0f,0f,0f,2f,0f,2.9921f,0f,0f,-2f,0f,0f,0f,0f,1f],start_interpolation: 0,interpolation_duration: 1}
data modify storage animated_java:temp entry.data merge value {"cameras":{"camera":{"px":8.207177322750029e-16,"py":3.4148562082047325,"pz":-6.701668863597394,"ry":0,"rx":16.794999571330592}},"locators":{}}
# Data Manager: Write
function animated_java:global/data_manager/write with storage animated_java:temp args