# This file was generated by Animated Java via MC-Build. It is not recommended to edit this file directly.
$data merge entity $(head) {transformation: [-0.9975f,0.0711f,-0.0011f,0f,0.0662f,0.9231f,-0.3789f,1.3599f,-0.026f,-0.378f,-0.9254f,-5.0094f,0f,0f,0f,1f],start_interpolation: 0,interpolation_duration: 1}
$data merge entity $(right_arm) {transformation: [-0.9914f,-0.0598f,0.1165f,-0.25f,-0.092f,0.9512f,-0.2947f,-1022.6401f,-0.0932f,-0.3028f,-0.9485f,-5.0094f,0f,0f,0f,1f],start_interpolation: 0,interpolation_duration: 1}
$data merge entity $(left_arm) {transformation: [-0.9784f,0.1839f,-0.0941f,0.25f,0.1557f,0.3576f,-0.9208f,-2046.6401f,-0.1357f,-0.9156f,-0.3785f,-5.0094f,0f,0f,0f,1f],start_interpolation: 0,interpolation_duration: 1}
$data merge entity $(torso) {transformation: [-1f,0f,0f,0f,0f,0.946f,-0.3242f,-3070.6401f,0f,-0.3242f,-0.946f,-5.0094f,0f,0f,0f,1f],start_interpolation: 0,interpolation_duration: 1}
$data merge entity $(right_leg) {transformation: [-0.999f,-0.0358f,-0.0265f,-0.125f,-0.0207f,0.9f,-0.4354f,-4095.2905f,0.0394f,-0.4344f,-0.8999f,-4.7865f,0f,0f,0f,1f],start_interpolation: 0,interpolation_duration: 1}
$data merge entity $(left_leg) {transformation: [-0.9994f,0.0329f,0.0118f,0.125f,0.0292f,0.972f,-0.2333f,-5119.2905f,-0.0191f,-0.2328f,-0.9723f,-4.7865f,0f,0f,0f,1f],start_interpolation: 0,interpolation_duration: 1}
$data merge entity $(door) {transformation: [-2f,0f,0f,0f,0f,2f,0f,2.9921f,0f,0f,-2f,0f,0f,0f,0f,1f],start_interpolation: 0,interpolation_duration: 1}
data modify storage animated_java:temp entry.data merge value {"cameras":{"camera":{"px":8.450900645106319e-16,"py":3.458590124140013,"pz":-6.900684059265222,"ry":0,"rx":15.911366294791659}},"locators":{}}
# Data Manager: Write
function animated_java:global/data_manager/write with storage animated_java:temp args