# This file was generated by Animated Java via MC-Build. It is not recommended to edit this file directly.
$data merge entity $(head) {transformation: [-0.9958f,0.092f,-0.0024f,0f,0.085f,0.9099f,-0.406f,1.3509f,-0.0352f,-0.4045f,-0.9139f,-4.7343f,0f,0f,0f,1f],start_interpolation: 0,interpolation_duration: 1}
$data merge entity $(right_arm) {transformation: [-0.9864f,-0.0668f,0.15f,-0.25f,-0.1095f,0.9484f,-0.2974f,-1022.6491f,-0.1224f,-0.3098f,-0.9429f,-4.7343f,0f,0f,0f,1f],start_interpolation: 0,interpolation_duration: 1}
$data merge entity $(left_arm) {transformation: [-0.9688f,0.1805f,-0.1699f,0.25f,0.1906f,0.1037f,-0.9762f,-2046.6491f,-0.1585f,-0.9781f,-0.1349f,-4.7343f,0f,0f,0f,1f],start_interpolation: 0,interpolation_duration: 1}
$data merge entity $(torso) {transformation: [-1f,0f,0f,0f,0f,0.9398f,-0.3418f,-3070.6491f,0f,-0.3418f,-0.9398f,-4.7343f,0f,0f,0f,1f],start_interpolation: 0,interpolation_duration: 1}
$data merge entity $(right_leg) {transformation: [-0.9988f,-0.0408f,-0.028f,-0.125f,-0.0222f,0.8753f,-0.4831f,-4095.2952f,0.0443f,-0.4819f,-0.8751f,-4.4994f,0f,0f,0f,1f],start_interpolation: 0,interpolation_duration: 1}
$data merge entity $(left_leg) {transformation: [-0.9993f,0.0339f,0.0124f,0.125f,0.0298f,0.9686f,-0.2469f,-5119.2952f,-0.0204f,-0.2464f,-0.969f,-4.4994f,0f,0f,0f,1f],start_interpolation: 0,interpolation_duration: 1}
$data merge entity $(door) {transformation: [-2f,0f,0f,0f,0f,2f,0f,2.9992f,0f,0f,-2f,0f,0f,0f,0f,1f],start_interpolation: 0,interpolation_duration: 1}
data modify storage animated_java:temp entry.data merge value {"cameras":{"camera":{"px":8.144468180440616e-16,"py":3.4027777777777777,"pz":-6.650462962962964,"ry":0,"rx":17.037037037037038}},"locators":{}}
# Data Manager: Write
function animated_java:global/data_manager/write with storage animated_java:temp args