# This file was generated by Animated Java via MC-Build. It is not recommended to edit this file directly.
$data merge entity $(head) {transformation: [-0.9972f,0.0749f,-0.0013f,0f,0.0692f,0.9146f,-0.3983f,1.3509f,-0.0286f,-0.3973f,-0.9173f,-4.9804f,0f,0f,0f,1f],start_interpolation: 0,interpolation_duration: 1}
$data merge entity $(right_arm) {transformation: [-0.9905f,-0.0619f,0.1225f,-0.25f,-0.0974f,0.9458f,-0.3099f,-1022.6491f,-0.0967f,-0.3189f,-0.9428f,-4.9804f,0f,0f,0f,1f],start_interpolation: 0,interpolation_duration: 1}
$data merge entity $(left_arm) {transformation: [-0.9765f,0.1867f,-0.1075f,0.25f,0.1605f,0.2975f,-0.9411f,-2046.6491f,-0.1437f,-0.9363f,-0.3205f,-4.9804f,0f,0f,0f,1f],start_interpolation: 0,interpolation_duration: 1}
$data merge entity $(torso) {transformation: [-1f,0f,0f,0f,0f,0.9398f,-0.3418f,-3070.6491f,0f,-0.3418f,-0.9398f,-4.9804f,0f,0f,0f,1f],start_interpolation: 0,interpolation_duration: 1}
$data merge entity $(right_leg) {transformation: [-0.9989f,-0.0372f,-0.0271f,-0.125f,-0.0206f,0.8889f,-0.4577f,-4095.2952f,0.0411f,-0.4567f,-0.8887f,-4.7454f,0f,0f,0f,1f],start_interpolation: 0,interpolation_duration: 1}
$data merge entity $(left_leg) {transformation: [-0.9993f,0.0339f,0.0124f,0.125f,0.0298f,0.9686f,-0.2469f,-5119.2952f,-0.0204f,-0.2464f,-0.969f,-4.7454f,0f,0f,0f,1f],start_interpolation: 0,interpolation_duration: 1}
$data merge entity $(door) {transformation: [-2f,0f,0f,0f,0f,2f,0f,2.9992f,0f,0f,-2f,0f,0f,0f,0f,1f],start_interpolation: 0,interpolation_duration: 1}
data modify storage animated_java:temp entry.data merge value {"cameras":{"camera":{"px":8.395570159440752e-16,"py":3.449034361754311,"pz":-6.855503289018577,"ry":0,"rx":16.105342925780125}},"locators":{}}
# Data Manager: Write
function animated_java:global/data_manager/write with storage animated_java:temp args