# This file was generated by Animated Java via MC-Build. It is not recommended to edit this file directly.
$data merge entity $(head) {transformation: [-0.9914f,0.1151f,0.0624f,0f,0.086f,0.9317f,-0.3528f,0.9906f,-0.0987f,-0.3444f,-0.9336f,-4.7292f,0f,0f,0f,1f],start_interpolation: 0,interpolation_duration: 1}
$data merge entity $(right_arm) {transformation: [-0.54f,0.6901f,0.4819f,-0.25f,0.4049f,0.7149f,-0.5701f,-1023.0094f,-0.7379f,-0.1127f,-0.6655f,-4.7292f,0f,0f,0f,1f],start_interpolation: 0,interpolation_duration: 1}
$data merge entity $(left_arm) {transformation: [-0.1379f,-0.9677f,-0.2111f,0.25f,0.5982f,0.0885f,-0.7965f,-2047.0094f,0.7894f,-0.2361f,0.5666f,-4.7292f,0f,0f,0f,1f],start_interpolation: 0,interpolation_duration: 1}
$data merge entity $(torso) {transformation: [-1f,0f,0f,0f,0f,0.6891f,-0.7246f,-3071.0094f,0f,-0.7246f,-0.6891f,-4.7292f,0f,0f,0f,1f],start_interpolation: 0,interpolation_duration: 1}
$data merge entity $(right_leg) {transformation: [-0.8119f,0.513f,0.2786f,-0.125f,-0.0277f,0.4428f,-0.8962f,-4095.4832f,-0.5831f,-0.7353f,-0.3454f,-4.231f,0f,0f,0f,1f],start_interpolation: 0,interpolation_duration: 1}
$data merge entity $(left_leg) {transformation: [-0.8791f,-0.4765f,-0.0101f,0.125f,-0.2284f,0.4397f,-0.8686f,-5119.4832f,0.4183f,-0.7613f,-0.4954f,-4.231f,0f,0f,0f,1f],start_interpolation: 0,interpolation_duration: 1}
data modify storage animated_java:temp entry.data merge value {"cameras":{"camera":{"px":8.096752312562725e-16,"py":2.9964999999999997,"pz":-6.6114999999999995,"ry":0,"rx":30}},"locators":{}}
# Data Manager: Write
function animated_java:global/data_manager/write with storage animated_java:temp args