# This file was generated by Animated Java via MC-Build. It is not recommended to edit this file directly.
$data merge entity $(head) {transformation: [-0.999f,0.0151f,0.0425f,0.0007f,0.0209f,0.9899f,0.1404f,1.405f,-0.0399f,0.1412f,-0.9892f,-8.8002f,0f,0f,0f,1f],start_interpolation: 0,interpolation_duration: 1}
$data merge entity $(right_arm) {transformation: [-0.9769f,0.1265f,-0.1721f,-0.2441f,0.1622f,0.9636f,-0.2127f,-1022.6164f,0.1389f,-0.2357f,-0.9619f,-8.8801f,0f,0f,0f,1f],start_interpolation: 0,interpolation_duration: 1}
$data merge entity $(left_arm) {transformation: [-0.9928f,-0.102f,0.0622f,0.2468f,-0.045f,0.802f,0.5957f,-2046.6182f,-0.1106f,0.5886f,-0.8008f,-8.7483f,0f,0f,0f,1f],start_interpolation: 0,interpolation_duration: 1}
$data merge entity $(torso) {transformation: [-0.9962f,0.001f,0.0872f,0.0007f,0.0263f,0.9567f,0.2898f,-3070.595f,-0.0831f,0.291f,-0.9531f,-8.8002f,0f,0f,0f,1f],start_interpolation: 0,interpolation_duration: 1}
$data merge entity $(right_leg) {transformation: [-0.983f,-0.0983f,0.1554f,-0.125f,0.0431f,0.6985f,0.7144f,-4095.2639f,-0.1787f,0.7089f,-0.6823f,-9.0508f,0f,0f,0f,1f],start_interpolation: 0,interpolation_duration: 1}
$data merge entity $(left_leg) {transformation: [-0.9969f,0.0378f,-0.0685f,0.125f,0.0355f,0.9988f,0.0343f,-5119.3287f,0.0697f,0.0317f,-0.9971f,-8.9189f,0f,0f,0f,1f],start_interpolation: 0,interpolation_duration: 1}
$data merge entity $(door) {transformation: [-2f,0f,0f,0f,0f,2f,0f,3.0203f,0f,0f,-2f,0f,0f,0f,0f,1f],start_interpolation: 0,interpolation_duration: 1}
data modify storage animated_java:temp entry.data merge value {"cameras":{"camera":{"px":-2.7852469276285836,"py":1.9976388256713702,"pz":-5.783796085571233,"ry":239.79709083702676,"rx":1.4699005914482746}},"locators":{}}
# Data Manager: Write
function animated_java:global/data_manager/write with storage animated_java:temp args