# This file was generated by Animated Java via MC-Build. It is not recommended to edit this file directly.
$data merge entity $(head) {transformation: [-0.9963f,0.0053f,0.0852f,0.0007f,0.0179f,0.989f,0.1468f,1.4066f,-0.0835f,0.1478f,-0.9855f,-8.5677f,0f,0f,0f,1f],start_interpolation: 0,interpolation_duration: 1}
$data merge entity $(right_arm) {transformation: [-0.9722f,0.1567f,-0.1742f,-0.2475f,0.1234f,0.9744f,0.1879f,-1022.6062f,0.1991f,0.1612f,-0.9666f,-8.6198f,0f,0f,0f,1f],start_interpolation: 0,interpolation_duration: 1}
$data merge entity $(left_arm) {transformation: [-0.9885f,-0.1265f,0.0825f,0.25f,-0.0929f,0.94f,0.3283f,-2046.614f,-0.119f,0.3169f,-0.941f,-8.5539f,0f,0f,0f,1f],start_interpolation: 0,interpolation_duration: 1}
$data merge entity $(torso) {transformation: [-0.999f,0.0009f,0.045f,0.0007f,0.0136f,0.9588f,0.2837f,-3070.5934f,-0.0429f,0.284f,-0.9579f,-8.5677f,0f,0f,0f,1f],start_interpolation: 0,interpolation_duration: 1}
$data merge entity $(right_leg) {transformation: [-0.9815f,-0.0482f,0.1851f,-0.125f,0.0368f,0.9021f,0.43f,-4095.2773f,-0.1878f,0.4289f,-0.8836f,-8.7846f,0f,0f,0f,1f],start_interpolation: 0,interpolation_duration: 1}
$data merge entity $(left_leg) {transformation: [-0.9977f,0.0399f,-0.0541f,0.125f,0.0261f,0.9718f,0.2343f,-5119.3437f,0.0619f,0.2324f,-0.9707f,-8.7065f,0f,0f,0f,1f],start_interpolation: 0,interpolation_duration: 1}
$data merge entity $(door) {transformation: [-2f,0f,0f,0f,0f,2f,0f,3.0175f,0f,0f,-2f,0f,0f,0f,0f,1f],start_interpolation: 0,interpolation_duration: 1}
data modify storage animated_java:temp entry.data merge value {"cameras":{"camera":{"px":-2.703601502048247,"py":1.9545402822030042,"pz":-5.986288120163859,"ry":250.54423594493448,"rx":1.3767004250631205}},"locators":{}}
# Data Manager: Write
function animated_java:global/data_manager/write with storage animated_java:temp args