# This file was generated by Animated Java via MC-Build. It is not recommended to edit this file directly.
$data merge entity $(head) {transformation: [-0.9969f,0.0786f,-0.0015f,0f,0.0721f,0.9058f,-0.4174f,1.3415f,-0.0314f,-0.4162f,-0.9087f,-4.9517f,0f,0f,0f,1f],start_interpolation: 0,interpolation_duration: 1}
$data merge entity $(right_arm) {transformation: [-0.9897f,-0.0637f,0.1286f,-0.25f,-0.1027f,0.9401f,-0.325f,-1022.6585f,-0.1002f,-0.3348f,-0.9369f,-4.9517f,0f,0f,0f,1f],start_interpolation: 0,interpolation_duration: 1}
$data merge entity $(left_arm) {transformation: [-0.9747f,0.1881f,-0.1211f,0.25f,0.1647f,0.2369f,-0.9575f,-2046.6585f,-0.1514f,-0.9532f,-0.2619f,-4.9517f,0f,0f,0f,1f],start_interpolation: 0,interpolation_duration: 1}
$data merge entity $(torso) {transformation: [-1f,0f,0f,0f,0f,0.9332f,-0.3593f,-3070.6585f,0f,-0.3593f,-0.9332f,-4.9517f,0f,0f,0f,1f],start_interpolation: 0,interpolation_duration: 1}
$data merge entity $(right_leg) {transformation: [-0.9989f,-0.0384f,-0.0276f,-0.125f,-0.0204f,0.8771f,-0.4798f,-4095.3001f,0.0427f,-0.4787f,-0.8769f,-4.7047f,0f,0f,0f,1f],start_interpolation: 0,interpolation_duration: 1}
$data merge entity $(left_leg) {transformation: [-0.9993f,0.0348f,0.0129f,0.125f,0.0303f,0.9649f,-0.2607f,-5119.3001f,-0.0215f,-0.2601f,-0.9653f,-4.7047f,0f,0f,0f,1f],start_interpolation: 0,interpolation_duration: 1}
$data merge entity $(door) {transformation: [-2f,0f,0f,0f,0f,2f,0f,3.0054f,0f,0f,-2f,0f,0f,0f,0f,1f],start_interpolation: 0,interpolation_duration: 1}
data modify storage animated_java:temp entry.data merge value {"cameras":{"camera":{"px":8.340600681728638e-16,"py":3.4393441772422553,"pz":-6.810617304136743,"ry":0,"rx":16.301552064598084}},"locators":{}}
# Data Manager: Write
function animated_java:global/data_manager/write with storage animated_java:temp args