# This file was generated by Animated Java via MC-Build. It is not recommended to edit this file directly.
$data merge entity $(head) {transformation: [-0.9954f,0.0961f,-0.0026f,0f,0.0881f,0.9013f,-0.4241f,1.3415f,-0.0384f,-0.4224f,-0.9056f,-4.6995f,0f,0f,0f,1f],start_interpolation: 0,interpolation_duration: 1}
$data merge entity $(right_arm) {transformation: [-0.9854f,-0.0665f,0.1567f,-0.25f,-0.1132f,0.9435f,-0.3115f,-1022.6585f,-0.1271f,-0.3247f,-0.9372f,-4.6995f,0f,0f,0f,1f],start_interpolation: 0,interpolation_duration: 1}
$data merge entity $(left_arm) {transformation: [-0.9674f,0.1738f,-0.1844f,0.25f,0.194f,0.0398f,-0.9802f,-2046.6585f,-0.163f,-0.984f,-0.0722f,-4.6995f,0f,0f,0f,1f],start_interpolation: 0,interpolation_duration: 1}
$data merge entity $(torso) {transformation: [-1f,0f,0f,0f,0f,0.9332f,-0.3593f,-3070.6585f,0f,-0.3593f,-0.9332f,-4.6995f,0f,0f,0f,1f],start_interpolation: 0,interpolation_duration: 1}
$data merge entity $(right_leg) {transformation: [-0.9988f,-0.0408f,-0.0276f,-0.125f,-0.0213f,0.8626f,-0.5055f,-4095.3001f,0.0444f,-0.5043f,-0.8624f,-4.4525f,0f,0f,0f,1f],start_interpolation: 0,interpolation_duration: 1}
$data merge entity $(left_leg) {transformation: [-0.9993f,0.0348f,0.0129f,0.125f,0.0303f,0.9649f,-0.2607f,-5119.3001f,-0.0215f,-0.2601f,-0.9653f,-4.4525f,0f,0f,0f,1f],start_interpolation: 0,interpolation_duration: 1}
$data merge entity $(door) {transformation: [-2f,0f,0f,0f,0f,2f,0f,3.0054f,0f,0f,-2f,0f,0f,0f,0f,1f],start_interpolation: 0,interpolation_duration: 1}
data modify storage animated_java:temp entry.data merge value {"cameras":{"camera":{"px":8.08323551237786e-16,"py":3.390554671424897,"pz":-6.600462695044582,"ry":0,"rx":17.281003515089168}},"locators":{}}
# Data Manager: Write
function animated_java:global/data_manager/write with storage animated_java:temp args