# This file was generated by Animated Java via MC-Build. It is not recommended to edit this file directly.
$data merge entity $(head) {transformation: [-0.9966f,0.0823f,-0.0018f,0f,0.0748f,0.8967f,-0.4362f,1.3316f,-0.0343f,-0.4349f,-0.8998f,-4.9234f,0f,0f,0f,1f],start_interpolation: 0,interpolation_duration: 1}
$data merge entity $(right_arm) {transformation: [-0.9888f,-0.0651f,0.1345f,-0.25f,-0.1077f,0.9343f,-0.3399f,-1022.6684f,-0.1036f,-0.3506f,-0.9308f,-4.9234f,0f,0f,0f,1f],start_interpolation: 0,interpolation_duration: 1}
$data merge entity $(left_arm) {transformation: [-0.9729f,0.188f,-0.1348f,0.25f,0.1684f,0.1762f,-0.9698f,-2046.6684f,-0.1586f,-0.9662f,-0.2031f,-4.9234f,0f,0f,0f,1f],start_interpolation: 0,interpolation_duration: 1}
$data merge entity $(torso) {transformation: [-1f,0f,0f,0f,0f,0.9263f,-0.3767f,-3070.6684f,0f,-0.3767f,-0.9263f,-4.9234f,0f,0f,0f,1f],start_interpolation: 0,interpolation_duration: 1}
$data merge entity $(right_leg) {transformation: [-0.9988f,-0.0394f,-0.028f,-0.125f,-0.02f,0.8648f,-0.5016f,-4095.3053f,0.044f,-0.5005f,-0.8646f,-4.6644f,0f,0f,0f,1f],start_interpolation: 0,interpolation_duration: 1}
$data merge entity $(left_leg) {transformation: [-0.9993f,0.0355f,0.0133f,0.125f,0.0305f,0.961f,-0.2747f,-5119.3053f,-0.0225f,-0.2741f,-0.9614f,-4.6644f,0f,0f,0f,1f],start_interpolation: 0,interpolation_duration: 1}
$data merge entity $(door) {transformation: [-2f,0f,0f,0f,0f,2f,0f,3.0107f,0f,0f,-2f,0f,0f,0f,0f,1f],start_interpolation: 0,interpolation_duration: 1}
data modify storage animated_java:temp entry.data merge value {"cameras":{"camera":{"px":8.286136615151354e-16,"py":3.4295266454526017,"pz":-6.766144018765643,"ry":0,"rx":16.49980504861207}},"locators":{}}
# Data Manager: Write
function animated_java:global/data_manager/write with storage animated_java:temp args