# This file was generated by Animated Java via MC-Build. It is not recommended to edit this file directly.
$data merge entity $(head) {transformation: [-0.995f,0.1002f,-0.0028f,0f,0.0911f,0.8925f,-0.4417f,1.3316f,-0.0418f,-0.4397f,-0.8972f,-4.6663f,0f,0f,0f,1f],start_interpolation: 0,interpolation_duration: 1}
$data merge entity $(right_arm) {transformation: [-0.9844f,-0.0654f,0.1632f,-0.25f,-0.1163f,0.9384f,-0.3255f,-1022.6684f,-0.1319f,-0.3394f,-0.9313f,-4.6663f,0f,0f,0f,1f],start_interpolation: 0,interpolation_duration: 1}
$data merge entity $(left_arm) {transformation: [-0.9663f,0.1651f,-0.1976f,0.25f,0.1967f,-0.0219f,-0.9802f,-2046.6684f,-0.1661f,-0.986f,-0.0113f,-4.6663f,0f,0f,0f,1f],start_interpolation: 0,interpolation_duration: 1}
$data merge entity $(torso) {transformation: [-1f,0f,0f,0f,0f,0.9263f,-0.3767f,-3070.6684f,0f,-0.3767f,-0.9263f,-4.6663f,0f,0f,0f,1f],start_interpolation: 0,interpolation_duration: 1}
$data merge entity $(right_leg) {transformation: [-0.9988f,-0.0403f,-0.0269f,-0.125f,-0.0201f,0.8494f,-0.5273f,-4095.3053f,0.0441f,-0.5261f,-0.8493f,-4.4073f,0f,0f,0f,1f],start_interpolation: 0,interpolation_duration: 1}
$data merge entity $(left_leg) {transformation: [-0.9993f,0.0355f,0.0133f,0.125f,0.0305f,0.961f,-0.2747f,-5119.3053f,-0.0225f,-0.2741f,-0.9614f,-4.4073f,0f,0f,0f,1f],start_interpolation: 0,interpolation_duration: 1}
$data merge entity $(door) {transformation: [-2f,0f,0f,0f,0f,2f,0f,3.0107f,0f,0f,-2f,0f,0f,0f,0f,1f],start_interpolation: 0,interpolation_duration: 1}
data modify storage animated_java:temp entry.data merge value {"cameras":{"camera":{"px":8.023725397602871e-16,"py":3.378198945473251,"pz":-6.551868998628258,"ry":0,"rx":17.526577503429362}},"locators":{}}
# Data Manager: Write
function animated_java:global/data_manager/write with storage animated_java:temp args