# This file was generated by Animated Java via MC-Build. It is not recommended to edit this file directly.
$data merge entity $(head) {transformation: [-0.9914f,-0.006f,0.1304f,0f,0.0139f,0.9885f,0.1507f,1.4074f,-0.1298f,0.1512f,-0.9799f,-8.3314f,0f,0f,0f,1f],start_interpolation: 0,interpolation_duration: 1}
$data merge entity $(right_arm) {transformation: [-0.9637f,0.2018f,-0.1747f,-0.25f,0.0771f,0.8372f,0.5414f,-1022.5979f,0.2555f,0.5083f,-0.8224f,-8.3547f,0f,0f,0f,1f],start_interpolation: 0,interpolation_duration: 1}
$data merge entity $(left_arm) {transformation: [-0.982f,-0.1404f,0.1261f,0.25f,-0.1417f,0.9899f,-0.0012f,-2046.6135f,-0.1246f,-0.0191f,-0.992f,-8.3592f,0f,0f,0f,1f],start_interpolation: 0,interpolation_duration: 1}
$data merge entity $(torso) {transformation: [-1f,0f,0f,0f,0.0001f,0.9598f,0.2806f,-3070.5926f,0f,0.2806f,-0.9598f,-8.3314f,0f,0f,0f,1f],start_interpolation: 0,interpolation_duration: 1}
$data merge entity $(right_leg) {transformation: [-0.9808f,0.0159f,0.1942f,-0.125f,0.034f,0.9954f,0.09f,-4095.2917f,-0.1918f,0.0948f,-0.9768f,-8.5165f,0f,0f,0f,1f],start_interpolation: 0,interpolation_duration: 1}
$data merge entity $(left_leg) {transformation: [-0.9986f,0.0344f,-0.0391f,0.125f,0.0138f,0.8984f,0.4389f,-5119.3588f,0.0502f,0.4378f,-0.8977f,-8.4956f,0f,0f,0f,1f],start_interpolation: 0,interpolation_duration: 1}
$data merge entity $(door) {transformation: [-2f,0f,0f,0f,0f,2f,0f,3.012f,0f,0f,-2f,0f,0f,0f,0f,1f],start_interpolation: 0,interpolation_duration: 1}
data modify storage animated_java:temp entry.data merge value {"cameras":{"camera":{"px":-2.5855996813837043,"py":1.906036640873919,"pz":-6.215634956759217,"ry":262.2784660619265,"rx":1.3871968738126328}},"locators":{}}
# Data Manager: Write
function animated_java:global/data_manager/write with storage animated_java:temp args