# This file was generated by Animated Java via MC-Build. It is not recommended to edit this file directly.
$data merge entity $(head) {transformation: [-0.9946f,0.1041f,-0.0029f,0f,0.0938f,0.8837f,-0.4586f,1.3212f,-0.0452f,-0.4564f,-0.8886f,-4.6349f,0f,0f,0f,1f],start_interpolation: 0,interpolation_duration: 1}
$data merge entity $(right_arm) {transformation: [-0.9835f,-0.0635f,0.1696f,-0.25f,-0.1188f,0.9331f,-0.3393f,-1022.6788f,-0.1367f,-0.3539f,-0.9253f,-4.6349f,0f,0f,0f,1f],start_interpolation: 0,interpolation_duration: 1}
$data merge entity $(left_arm) {transformation: [-0.9656f,0.1546f,-0.2092f,0.25f,0.1987f,-0.0807f,-0.9767f,-2046.6788f,-0.1679f,-0.9847f,0.0472f,-4.6349f,0f,0f,0f,1f],start_interpolation: 0,interpolation_duration: 1}
$data merge entity $(torso) {transformation: [-1f,0f,0f,0f,0f,0.9191f,-0.3941f,-3070.6788f,0f,-0.3941f,-0.9191f,-4.6349f,0f,0f,0f,1f],start_interpolation: 0,interpolation_duration: 1}
$data merge entity $(right_leg) {transformation: [-0.9989f,-0.0393f,-0.0258f,-0.125f,-0.0187f,0.8359f,-0.5486f,-4095.3107f,0.0431f,-0.5475f,-0.8357f,-4.3639f,0f,0f,0f,1f],start_interpolation: 0,interpolation_duration: 1}
$data merge entity $(left_leg) {transformation: [-0.9993f,0.036f,0.0136f,0.125f,0.0305f,0.9569f,-0.2889f,-5119.3107f,-0.0235f,-0.2883f,-0.9573f,-4.3639f,0f,0f,0f,1f],start_interpolation: 0,interpolation_duration: 1}
$data merge entity $(door) {transformation: [-2f,0f,0f,0f,0f,2f,0f,3.015f,0f,0f,-2f,0f,0f,0f,0f,1f],start_interpolation: 0,interpolation_duration: 1}
data modify storage animated_java:temp entry.data merge value {"cameras":{"camera":{"px":7.966183915156757e-16,"py":3.36572265625,"pz":-6.5048828125,"ry":0,"rx":17.773437499999996}},"locators":{}}
# Data Manager: Write
function animated_java:global/data_manager/write with storage animated_java:temp args