# This file was generated by Animated Java via MC-Build. It is not recommended to edit this file directly.
$data merge entity $(head) {transformation: [-0.9963f,0.086f,-0.002f,0f,0.0775f,0.8873f,-0.4547f,1.3212f,-0.0373f,-0.4532f,-0.8906f,-4.8957f,0f,0f,0f,1f],start_interpolation: 0,interpolation_duration: 1}
$data merge entity $(right_arm) {transformation: [-0.9879f,-0.0661f,0.1404f,-0.25f,-0.1125f,0.9282f,-0.3547f,-1022.6788f,-0.1069f,-0.3662f,-0.9244f,-4.8957f,0f,0f,0f,1f],start_interpolation: 0,interpolation_duration: 1}
$data merge entity $(left_arm) {transformation: [-0.9712f,0.1864f,-0.1483f,0.25f,0.1716f,0.116f,-0.9783f,-2046.6788f,-0.1652f,-0.9756f,-0.1446f,-4.8957f,0f,0f,0f,1f],start_interpolation: 0,interpolation_duration: 1}
$data merge entity $(torso) {transformation: [-1f,0f,0f,0f,0f,0.9191f,-0.3941f,-3070.6788f,0f,-0.3941f,-0.9191f,-4.8957f,0f,0f,0f,1f],start_interpolation: 0,interpolation_duration: 1}
$data merge entity $(right_leg) {transformation: [-0.9988f,-0.0401f,-0.0282f,-0.125f,-0.0195f,0.852f,-0.5231f,-4095.3107f,0.045f,-0.5219f,-0.8518f,-4.6247f,0f,0f,0f,1f],start_interpolation: 0,interpolation_duration: 1}
$data merge entity $(left_leg) {transformation: [-0.9993f,0.036f,0.0136f,0.125f,0.0305f,0.9569f,-0.2889f,-5119.3107f,-0.0235f,-0.2883f,-0.9573f,-4.6247f,0f,0f,0f,1f],start_interpolation: 0,interpolation_duration: 1}
$data merge entity $(door) {transformation: [-2f,0f,0f,0f,0f,2f,0f,3.015f,0f,0f,-2f,0f,0f,0f,0f,1f],start_interpolation: 0,interpolation_duration: 1}
data modify storage animated_java:temp entry.data merge value {"cameras":{"camera":{"px":8.232322362890282e-16,"py":3.419588841234105,"pz":-6.722201347051203,"ry":0,"rx":16.699913215188605}},"locators":{}}
# Data Manager: Write
function animated_java:global/data_manager/write with storage animated_java:temp args