# This file was generated by Animated Java via MC-Build. It is not recommended to edit this file directly.
$data merge entity $(head) {transformation: [-0.9854f,-0.0136f,0.17f,-0.0005f,0.0118f,0.989f,0.1474f,1.4064f,-0.1701f,0.1473f,-0.9744f,-8.0887f,0f,0f,0f,1f],start_interpolation: 0,interpolation_duration: 1}
$data merge entity $(right_arm) {transformation: [-0.9561f,0.2327f,-0.1779f,-0.2506f,0.0275f,0.6758f,0.7365f,-1022.5952f,0.2916f,0.6993f,-0.6526f,-8.0875f,0f,0f,0f,1f],start_interpolation: 0,interpolation_duration: 1}
$data merge entity $(left_arm) {transformation: [-0.9757f,-0.1284f,0.1775f,0.2475f,-0.1801f,0.9315f,-0.3161f,-2046.6191f,-0.1247f,-0.3404f,-0.932f,-8.1545f,0f,0f,0f,1f],start_interpolation: 0,interpolation_duration: 1}
$data merge entity $(torso) {transformation: [-0.9992f,-0.0006f,-0.0395f,-0.0005f,-0.0119f,0.9585f,0.2847f,-3070.5936f,0.0377f,0.2849f,-0.9578f,-8.0887f,0f,0f,0f,1f],start_interpolation: 0,interpolation_duration: 1}
$data merge entity $(right_leg) {transformation: [-0.9818f,0.0714f,0.176f,-0.125f,0.0379f,0.9817f,-0.1868f,-4095.3043f,-0.1861f,-0.1767f,-0.9665f,-8.2528f,0f,0f,0f,1f],start_interpolation: 0,interpolation_duration: 1}
$data merge entity $(left_leg) {transformation: [-0.9994f,0.0199f,-0.028f,0.125f,-0.0011f,0.796f,0.6053f,-5119.3704f,0.0344f,0.605f,-0.7955f,-8.2823f,0f,0f,0f,1f],start_interpolation: 0,interpolation_duration: 1}
$data merge entity $(door) {transformation: [-2f,0f,0f,0f,0f,2f,0f,3.0038f,0f,0f,-2f,0f,0f,0f,0f,1f],start_interpolation: 0,interpolation_duration: 1}
data modify storage animated_java:temp entry.data merge value {"cameras":{"camera":{"px":-2.4379836140191165,"py":1.8534080564406008,"pz":-6.461680700955849,"ry":274.6834267449898,"rx":1.5039592416969358}},"locators":{}}
# Data Manager: Write
function animated_java:global/data_manager/write with storage animated_java:temp args