# This file was generated by Animated Java via MC-Build. It is not recommended to edit this file directly.
$data merge entity $(head) {transformation: [-0.9942f,0.1078f,-0.003f,0f,0.0963f,0.8747f,-0.475f,1.3102f,-0.0486f,-0.4725f,-0.88f,-4.6055f,0f,0f,0f,1f],start_interpolation: 0,interpolation_duration: 1}
$data merge entity $(right_arm) {transformation: [-0.9826f,-0.0608f,0.1757f,-0.25f,-0.1205f,0.9278f,-0.353f,-1022.6898f,-0.1416f,-0.368f,-0.919f,-4.6055f,0f,0f,0f,1f],start_interpolation: 0,interpolation_duration: 1}
$data merge entity $(left_arm) {transformation: [-0.9653f,0.1424f,-0.2191f,0.25f,0.2001f,-0.1362f,-0.9703f,-2046.6898f,-0.168f,-0.9804f,0.1029f,-4.6055f,0f,0f,0f,1f],start_interpolation: 0,interpolation_duration: 1}
$data merge entity $(torso) {transformation: [-1f,0f,0f,0f,0f,0.9115f,-0.4114f,-3070.6898f,0f,-0.4114f,-0.9115f,-4.6055f,0f,0f,0f,1f],start_interpolation: 0,interpolation_duration: 1}
$data merge entity $(right_leg) {transformation: [-0.999f,-0.0377f,-0.0245f,-0.125f,-0.0171f,0.8219f,-0.5694f,-4095.3164f,0.0416f,-0.5684f,-0.8217f,-4.3227f,0f,0f,0f,1f],start_interpolation: 0,interpolation_duration: 1}
$data merge entity $(left_leg) {transformation: [-0.9992f,0.0362f,0.0139f,0.125f,0.0303f,0.9524f,-0.3032f,-5119.3164f,-0.0242f,-0.3026f,-0.9528f,-4.3227f,0f,0f,0f,1f],start_interpolation: 0,interpolation_duration: 1}
$data merge entity $(door) {transformation: [-2f,0f,0f,0f,0f,2f,0f,3.0182f,0f,0f,-2f,0f,0f,0f,0f,1f],start_interpolation: 0,interpolation_duration: 1}
data modify storage animated_java:temp entry.data merge value {"cameras":{"camera":{"px":7.91085714408063e-16,"py":3.3531378600823043,"pz":-6.459705075445816,"ry":0,"rx":18.021262002743484}},"locators":{}}
# Data Manager: Write
function animated_java:global/data_manager/write with storage animated_java:temp args