# This file was generated by Animated Java via MC-Build. It is not recommended to edit this file directly.
$data merge entity $(head) {transformation: [-0.996f,0.0896f,-0.0022f,0f,0.08f,0.8776f,-0.4727f,1.3102f,-0.0404f,-0.471f,-0.8812f,-4.8685f,0f,0f,0f,1f],start_interpolation: 0,interpolation_duration: 1}
$data merge entity $(right_arm) {transformation: [-0.987f,-0.0667f,0.1462f,-0.25f,-0.117f,0.9219f,-0.3693f,-1022.6898f,-0.1102f,-0.3816f,-0.9177f,-4.8685f,0f,0f,0f,1f],start_interpolation: 0,interpolation_duration: 1}
$data merge entity $(left_arm) {transformation: [-0.9697f,0.1833f,-0.1615f,0.25f,0.1744f,0.0566f,-0.9831f,-2046.6898f,-0.1711f,-0.9814f,-0.0868f,-4.8685f,0f,0f,0f,1f],start_interpolation: 0,interpolation_duration: 1}
$data merge entity $(torso) {transformation: [-1f,0f,0f,0f,0f,0.9115f,-0.4114f,-3070.6898f,0f,-0.4114f,-0.9115f,-4.8685f,0f,0f,0f,1f],start_interpolation: 0,interpolation_duration: 1}
$data merge entity $(right_leg) {transformation: [-0.9988f,-0.0406f,-0.0282f,-0.125f,-0.0188f,0.8388f,-0.5442f,-4095.3164f,0.0457f,-0.543f,-0.8385f,-4.5857f,0f,0f,0f,1f],start_interpolation: 0,interpolation_duration: 1}
$data merge entity $(left_leg) {transformation: [-0.9992f,0.0362f,0.0139f,0.125f,0.0303f,0.9524f,-0.3032f,-5119.3164f,-0.0242f,-0.3026f,-0.9528f,-4.5857f,0f,0f,0f,1f],start_interpolation: 0,interpolation_duration: 1}
$data merge entity $(door) {transformation: [-2f,0f,0f,0f,0f,2f,0f,3.0182f,0f,0f,-2f,0f,0f,0f,0f,1f],start_interpolation: 0,interpolation_duration: 1}
data modify storage animated_java:temp entry.data merge value {"cameras":{"camera":{"px":8.179302328126801e-16,"py":3.4095378394355214,"pz":-6.678907203139346,"ry":0,"rx":16.901687901694196}},"locators":{}}
# Data Manager: Write
function animated_java:global/data_manager/write with storage animated_java:temp args