# This file was generated by Animated Java via MC-Build. It is not recommended to edit this file directly.
$data merge entity $(head) {transformation: [-0.9781f,0.0092f,0.2079f,0.0033f,0.0662f,0.9609f,0.269f,1.452f,-0.1973f,0.2769f,-0.9404f,-7.3306f,0f,0f,0f,1f],start_interpolation: 0,interpolation_duration: 1}
$data merge entity $(right_arm) {transformation: [-0.9712f,0.0352f,-0.2356f,-0.2457f,-0.1248f,0.7673f,0.629f,-1022.5729f,0.2029f,0.6403f,-0.7408f,-7.3182f,0f,0f,0f,1f],start_interpolation: 0,interpolation_duration: 1}
$data merge entity $(left_arm) {transformation: [-0.9769f,-0.0513f,0.2075f,0.2471f,-0.1723f,0.7637f,-0.6222f,-2046.5664f,-0.1265f,-0.6435f,-0.7549f,-7.441f,0f,0f,0f,1f],start_interpolation: 0,interpolation_duration: 1}
$data merge entity $(torso) {transformation: [-0.997f,0.0045f,-0.0778f,0.0033f,-0.0362f,0.8579f,0.5126f,-3070.548f,0.069f,0.5139f,-0.8551f,-7.3306f,0f,0f,0f,1f],start_interpolation: 0,interpolation_duration: 1}
$data merge entity $(right_leg) {transformation: [-0.9894f,0.1128f,0.0911f,-0.125f,0.1107f,0.9935f,-0.0277f,-4095.2061f,-0.0936f,-0.0173f,-0.9955f,-7.6567f,0f,0f,0f,1f],start_interpolation: 0,interpolation_duration: 1}
$data merge entity $(left_leg) {transformation: [-0.9987f,-0.0462f,-0.0202f,0.125f,-0.0404f,0.4928f,0.8692f,-5119.2445f,-0.0302f,0.8689f,-0.494f,-7.7433f,0f,0f,0f,1f],start_interpolation: 0,interpolation_duration: 1}
$data merge entity $(door) {transformation: [-2f,0f,0f,0f,0f,2f,0f,2.978f,0f,0f,-2f,0f,0f,0f,0f,1f],start_interpolation: 0,interpolation_duration: 1}
data modify storage animated_java:temp entry.data merge value {"cameras":{"camera":{"px":-2.0808773327264447,"py":1.7408966772872099,"pz":-6.96324533454711,"ry":300.23957571194256,"rx":1.9458511381950292}},"locators":{}}
# Data Manager: Write
function animated_java:global/data_manager/write with storage animated_java:temp args