# This file was generated by Animated Java via MC-Build. It is not recommended to edit this file directly.
$data merge entity $(head) {transformation: [-0.9957f,0.0931f,-0.0024f,0f,0.0824f,0.8677f,-0.4903f,1.2989f,-0.0435f,-0.4884f,-0.8715f,-4.842f,0f,0f,0f,1f],start_interpolation: 0,interpolation_duration: 1}
$data merge entity $(right_arm) {transformation: [-0.9861f,-0.0668f,0.1519f,-0.25f,-0.1211f,0.9155f,-0.3837f,-1022.7011f,-0.1134f,-0.3967f,-0.9109f,-4.842f,0f,0f,0f,1f],start_interpolation: 0,interpolation_duration: 1}
$data merge entity $(left_arm) {transformation: [-0.9684f,0.1788f,-0.1741f,0.25f,0.1767f,-0.0015f,-0.9843f,-2046.7011f,-0.1763f,-0.9839f,-0.0301f,-4.842f,0f,0f,0f,1f],start_interpolation: 0,interpolation_duration: 1}
$data merge entity $(torso) {transformation: [-1f,0f,0f,0f,0f,0.9036f,-0.4284f,-3070.7011f,0f,-0.4284f,-0.9036f,-4.842f,0f,0f,0f,1f],start_interpolation: 0,interpolation_duration: 1}
$data merge entity $(right_leg) {transformation: [-0.9988f,-0.0408f,-0.0279f,-0.125f,-0.0179f,0.8251f,-0.5648f,-4095.3223f,0.0461f,-0.5636f,-0.8248f,-4.5475f,0f,0f,0f,1f],start_interpolation: 0,interpolation_duration: 1}
$data merge entity $(left_leg) {transformation: [-0.9992f,0.0362f,0.014f,0.125f,0.0299f,0.9477f,-0.3177f,-5119.3223f,-0.0248f,-0.317f,-0.9481f,-4.5475f,0f,0f,0f,1f],start_interpolation: 0,interpolation_duration: 1}
$data merge entity $(door) {transformation: [-2f,0f,0f,0f,0f,2f,0f,3.0202f,0f,0f,-2f,0f,0f,0f,0f,1f],start_interpolation: 0,interpolation_duration: 1}
data modify storage animated_java:temp entry.data merge value {"cameras":{"camera":{"px":8.127220914042292e-16,"py":3.3993807149056057,"pz":-6.6363795011759965,"ry":0,"rx":17.10494044549537}},"locators":{}}
# Data Manager: Write
function animated_java:global/data_manager/write with storage animated_java:temp args