# This file was generated by Animated Java via MC-Build. It is not recommended to edit this file directly.
$data merge entity $(head) {transformation: [-0.9938f,0.1114f,-0.003f,0f,0.0986f,0.8658f,-0.4906f,1.2989f,-0.0521f,-0.4879f,-0.8714f,-4.5782f,0f,0f,0f,1f],start_interpolation: 0,interpolation_duration: 1}
$data merge entity $(right_arm) {transformation: [-0.9817f,-0.0571f,0.1816f,-0.25f,-0.1214f,0.9225f,-0.3665f,-1022.7011f,-0.1466f,-0.3818f,-0.9125f,-4.5782f,0f,0f,0f,1f],start_interpolation: 0,interpolation_duration: 1}
$data merge entity $(left_arm) {transformation: [-0.9654f,0.1288f,-0.227f,0.25f,0.201f,-0.188f,-0.9614f,-2046.7011f,-0.1664f,-0.9737f,0.1556f,-4.5782f,0f,0f,0f,1f],start_interpolation: 0,interpolation_duration: 1}
$data merge entity $(torso) {transformation: [-1f,0f,0f,0f,0f,0.9036f,-0.4284f,-3070.7011f,0f,-0.4284f,-0.9036f,-4.5782f,0f,0f,0f,1f],start_interpolation: 0,interpolation_duration: 1}
$data merge entity $(right_leg) {transformation: [-0.9991f,-0.0355f,-0.0227f,-0.125f,-0.0153f,0.8076f,-0.5895f,-4095.3223f,0.0393f,-0.5886f,-0.8075f,-4.2837f,0f,0f,0f,1f],start_interpolation: 0,interpolation_duration: 1}
$data merge entity $(left_leg) {transformation: [-0.9992f,0.0362f,0.014f,0.125f,0.0299f,0.9477f,-0.3177f,-5119.3223f,-0.0248f,-0.317f,-0.9481f,-4.2837f,0f,0f,0f,1f],start_interpolation: 0,interpolation_duration: 1}
$data merge entity $(door) {transformation: [-2f,0f,0f,0f,0f,2f,0f,3.0202f,0f,0f,-2f,0f,0f,0f,0f,1f],start_interpolation: 0,interpolation_duration: 1}
data modify storage animated_java:temp entry.data merge value {"cameras":{"camera":{"px":7.8579911634156e-16,"py":3.340456613297325,"pz":-6.4165367262517155,"ry":0,"rx":18.2697295096022}},"locators":{}}
# Data Manager: Write
function animated_java:global/data_manager/write with storage animated_java:temp args