# This file was generated by Animated Java via MC-Build. It is not recommended to edit this file directly.
$data merge entity $(head) {transformation: [-1f,0.0067f,0.0003f,0f,0.0067f,0.9995f,-0.0301f,1.437f,-0.0005f,-0.0301f,-0.9995f,-5.5036f,0f,0f,0f,1f],start_interpolation: 0,interpolation_duration: 1}
$data merge entity $(right_arm) {transformation: [-0.9999f,-0.0023f,0.0112f,-0.25f,-0.0025f,0.9997f,-0.0228f,-1022.563f,-0.0111f,-0.0228f,-0.9997f,-5.5036f,0f,0f,0f,1f],start_interpolation: 0,interpolation_duration: 1}
$data merge entity $(left_arm) {transformation: [-0.9999f,0.0149f,0.0019f,0.25f,0.0147f,0.9945f,-0.1036f,-2046.563f,-0.0034f,-0.1035f,-0.9946f,-5.5036f,0f,0f,0f,1f],start_interpolation: 0,interpolation_duration: 1}
$data merge entity $(torso) {transformation: [-1f,0f,0f,0f,0f,0.9997f,-0.0262f,-3070.563f,0f,-0.0262f,-0.9997f,-5.5036f,0f,0f,0f,1f],start_interpolation: 0,interpolation_duration: 1}
$data merge entity $(right_leg) {transformation: [-1f,-0.0016f,-0.0014f,-0.125f,-0.0015f,0.9993f,-0.0374f,-4095.2503f,0.0015f,-0.0374f,-0.9993f,-5.4856f,0f,0f,0f,1f],start_interpolation: 0,interpolation_duration: 1}
$data merge entity $(left_leg) {transformation: [-1f,0.0011f,0.0003f,0.125f,0.0011f,0.9998f,-0.0199f,-5119.2503f,-0.0003f,-0.0199f,-0.9998f,-5.4856f,0f,0f,0f,1f],start_interpolation: 0,interpolation_duration: 1}
$data merge entity $(door) {transformation: [-2f,0f,0f,0f,0f,2f,0f,2.8183f,0f,0f,-2f,0f,0f,0f,0f,1f],start_interpolation: 0,interpolation_duration: 1}
data modify storage animated_java:temp entry.data merge value {"cameras":{"camera":{"px":9.39245803742762e-16,"py":3.6074761284722223,"pz":-7.669524016203704,"ry":0,"rx":12.85445601851852}},"locators":{}}
# Data Manager: Write
function animated_java:global/data_manager/write with storage animated_java:temp args