# This file was generated by Animated Java via MC-Build. It is not recommended to edit this file directly.
$data merge entity $(head) {transformation: [-0.9966f,0.0036f,0.0828f,0f,0.0144f,0.9914f,0.1302f,1.4024f,-0.0816f,0.1309f,-0.988f,-12.8782f,0f,0f,0f,1f],start_interpolation: 0,interpolation_duration: 1}
$data merge entity $(right_arm) {transformation: [-0.9779f,0.1088f,-0.1787f,-0.2494f,0.0746f,0.9794f,0.1877f,-1022.6138f,0.1954f,0.1702f,-0.9658f,-12.9174f,0f,0f,0f,1f],start_interpolation: 0,interpolation_duration: 1}
$data merge entity $(left_arm) {transformation: [-0.988f,-0.1169f,0.1012f,0.2501f,-0.1104f,0.9916f,0.0677f,-2046.6303f,-0.1083f,0.0557f,-0.9926f,-12.8914f,0f,0f,0f,1f],start_interpolation: 0,interpolation_duration: 1}
$data merge entity $(torso) {transformation: [-0.9998f,0f,0.0205f,0f,0.0062f,0.9532f,0.3023f,-3070.5976f,-0.0195f,0.3023f,-0.953f,-12.8782f,0f,0f,0f,1f],start_interpolation: 0,interpolation_duration: 1}
$data merge entity $(right_leg) {transformation: [-0.9848f,-0.0066f,0.1735f,-0.125f,0.0522f,0.9417f,0.3323f,-4095.2852f,-0.1656f,0.3363f,-0.9271f,-13.0971f,0f,0f,0f,1f],start_interpolation: 0,interpolation_duration: 1}
$data merge entity $(left_leg) {transformation: [-0.9991f,0.0274f,-0.0316f,0.125f,0.009f,0.8779f,0.4788f,-5119.3125f,0.0408f,0.4781f,-0.8773f,-13.0502f,0f,0f,0f,1f],start_interpolation: 0,interpolation_duration: 1}
$data merge entity $(door) {transformation: [-2f,0f,0f,0f,0f,2f,0f,2.8219f,0f,0f,-2f,0f,0f,0f,0f,1f],start_interpolation: 0,interpolation_duration: 1}
data modify storage animated_java:temp entry.data merge value {"cameras":{"camera":{"px":0.10416666666666743,"py":2.810185185185185,"pz":-6.18287037037037,"ry":178.4081793248003,"rx":13.020277975306858}},"locators":{}}
# Data Manager: Write
function animated_java:global/data_manager/write with storage animated_java:temp args