# This file was generated by Animated Java via MC-Build. It is not recommended to edit this file directly.
$data merge entity $(head) {transformation: [-1f,0.0055f,0.0002f,0f,0.0055f,0.9996f,-0.0292f,1.437f,-0.0004f,-0.0292f,-0.9996f,-5.5217f,0f,0f,0f,1f],start_interpolation: 0,interpolation_duration: 1}
$data merge entity $(right_arm) {transformation: [-1f,-0.0015f,0.0091f,-0.25f,-0.0017f,0.9997f,-0.0233f,-1022.563f,-0.0091f,-0.0233f,-0.9997f,-5.5217f,0f,0f,0f,1f],start_interpolation: 0,interpolation_duration: 1}
$data merge entity $(left_arm) {transformation: [-0.9999f,0.0117f,0.0013f,0.25f,0.0116f,0.996f,-0.0888f,-2046.563f,-0.0023f,-0.0887f,-0.9961f,-5.5217f,0f,0f,0f,1f],start_interpolation: 0,interpolation_duration: 1}
$data merge entity $(torso) {transformation: [-1f,0f,0f,0f,0f,0.9997f,-0.0262f,-3070.563f,0f,-0.0262f,-0.9997f,-5.5217f,0f,0f,0f,1f],start_interpolation: 0,interpolation_duration: 1}
$data merge entity $(right_leg) {transformation: [-1f,-0.0011f,-0.001f,-0.125f,-0.0011f,0.9994f,-0.0353f,-4095.2503f,0.0011f,-0.0353f,-0.9994f,-5.5037f,0f,0f,0f,1f],start_interpolation: 0,interpolation_duration: 1}
$data merge entity $(left_leg) {transformation: [-1f,0.0011f,0.0003f,0.125f,0.0011f,0.9998f,-0.0199f,-5119.2503f,-0.0003f,-0.0199f,-0.9998f,-5.5037f,0f,0f,0f,1f],start_interpolation: 0,interpolation_duration: 1}
$data merge entity $(door) {transformation: [-2f,0f,0f,0f,0f,2f,0f,2.8183f,0f,0f,-2f,0f,0f,0f,0f,1f],start_interpolation: 0,interpolation_duration: 1}
data modify storage animated_java:temp entry.data merge value {"cameras":{"camera":{"px":9.41094112931659e-16,"py":3.6105814582363815,"pz":-7.684616606084999,"ry":0,"rx":12.791200774774547}},"locators":{}}
# Data Manager: Write
function animated_java:global/data_manager/write with storage animated_java:temp args