# This file was generated by Animated Java via MC-Build. It is not recommended to edit this file directly.
$data merge entity $(head) {transformation: [-0.9779f,0.0425f,0.2046f,0.0087f,0.1354f,0.8746f,0.4655f,1.4245f,-0.1592f,0.4829f,-0.8611f,-6.7499f,0f,0f,0f,1f],start_interpolation: 0,interpolation_duration: 1}
$data merge entity $(right_arm) {transformation: [-0.9849f,-0.1553f,-0.0765f,-0.2407f,-0.1722f,0.9249f,0.339f,-1022.6211f,0.0181f,0.3471f,-0.9377f,-6.7677f,0f,0f,0f,1f],start_interpolation: 0,interpolation_duration: 1}
$data merge entity $(left_arm) {transformation: [-0.9829f,-0.0229f,0.1825f,0.2515f,-0.1324f,0.7769f,-0.6156f,-2046.5605f,-0.1277f,-0.6292f,-0.7667f,-6.8715f,0f,0f,0f,1f],start_interpolation: 0,interpolation_duration: 1}
$data merge entity $(torso) {transformation: [-0.9968f,0.0116f,-0.0786f,0.0087f,-0.0537f,0.6311f,0.7739f,-3070.5755f,0.0586f,0.7756f,-0.6285f,-6.7499f,0f,0f,0f,1f],start_interpolation: 0,interpolation_duration: 1}
$data merge entity $(right_leg) {transformation: [-0.9877f,0.1498f,0.0452f,-0.125f,0.1522f,0.8535f,0.4983f,-4095.0732f,0.036f,0.499f,-0.8658f,-7.29f,0f,0f,0f,1f],start_interpolation: 0,interpolation_duration: 1}
$data merge entity $(left_leg) {transformation: [-0.9943f,-0.1043f,-0.0213f,0.125f,-0.0419f,0.1994f,0.979f,-5119.0745f,-0.0979f,0.9744f,-0.2026f,-7.3794f,0f,0f,0f,1f],start_interpolation: 0,interpolation_duration: 1}
$data merge entity $(door) {transformation: [-2f,0f,0f,0f,0f,2f,0f,2.9601f,0f,0f,-2f,0f,0f,0f,0f,1f],start_interpolation: 0,interpolation_duration: 1}
data modify storage animated_java:temp entry.data merge value {"cameras":{"camera":{"px":-1.8848714155666808,"py":1.6835741920801093,"pz":-7.198452435138826,"ry":312.7572648450755,"rx":2.181363649103184}},"locators":{}}
# Data Manager: Write
function animated_java:global/data_manager/write with storage animated_java:temp args