# This file was generated by Animated Java via MC-Build. It is not recommended to edit this file directly.
$data merge entity $(head) {transformation: [-0.9934f,0.1149f,-0.0029f,0f,0.1005f,0.8569f,-0.5055f,1.2871f,-0.0556f,-0.5025f,-0.8628f,-4.5534f,0f,0f,0f,1f],start_interpolation: 0,interpolation_duration: 1}
$data merge entity $(right_arm) {transformation: [-0.9809f,-0.0524f,0.1873f,-0.25f,-0.1215f,0.9171f,-0.3798f,-1022.7129f,-0.1519f,-0.3953f,-0.9059f,-4.5534f,0f,0f,0f,1f],start_interpolation: 0,interpolation_duration: 1}
$data merge entity $(left_arm) {transformation: [-0.9659f,0.1137f,-0.2327f,0.25f,0.2013f,-0.2357f,-0.9508f,-2046.7129f,-0.1629f,-0.9652f,0.2048f,-4.5534f,0f,0f,0f,1f],start_interpolation: 0,interpolation_duration: 1}
$data merge entity $(torso) {transformation: [-1f,0f,0f,0f,0f,0.8954f,-0.4453f,-3070.7129f,0f,-0.4453f,-0.8954f,-4.5534f,0f,0f,0f,1f],start_interpolation: 0,interpolation_duration: 1}
$data merge entity $(right_leg) {transformation: [-0.9993f,-0.0327f,-0.0207f,-0.125f,-0.0134f,0.7931f,-0.609f,-4095.3285f,0.0363f,-0.6082f,-0.7929f,-4.2472f,0f,0f,0f,1f],start_interpolation: 0,interpolation_duration: 1}
$data merge entity $(left_leg) {transformation: [-0.9993f,0.036f,0.0141f,0.125f,0.0293f,0.9427f,-0.3323f,-5119.3285f,-0.0252f,-0.3316f,-0.9431f,-4.2472f,0f,0f,0f,1f],start_interpolation: 0,interpolation_duration: 1}
$data merge entity $(door) {transformation: [-2f,0f,0f,0f,0f,2f,0f,3.0208f,0f,0f,-2f,0f,0f,0f,0f,1f],start_interpolation: 0,interpolation_duration: 1}
data modify storage animated_java:temp entry.data merge value {"cameras":{"camera":{"px":7.807832052202772e-16,"py":3.3276909722222223,"pz":-6.375578703703704,"ry":0,"rx":18.518518518518523}},"locators":{}}
# Data Manager: Write
function animated_java:global/data_manager/write with storage animated_java:temp args