# This file was generated by Animated Java via MC-Build. It is not recommended to edit this file directly.
$data merge entity $(head) {transformation: [-0.9953f,0.0966f,-0.0026f,0f,0.0846f,0.8576f,-0.5074f,1.2871f,-0.0468f,-0.5052f,-0.8617f,-4.8163f,0f,0f,0f,1f],start_interpolation: 0,interpolation_duration: 1}
$data merge entity $(right_arm) {transformation: [-0.9853f,-0.0664f,0.1575f,-0.25f,-0.1248f,0.9089f,-0.3978f,-1022.7129f,-0.1167f,-0.4116f,-0.9039f,-4.8163f,0f,0f,0f,1f],start_interpolation: 0,interpolation_duration: 1}
$data merge entity $(left_arm) {transformation: [-0.9672f,0.1728f,-0.186f,0.25f,0.1785f,-0.058f,-0.9822f,-2046.7129f,-0.1806f,-0.9832f,0.0252f,-4.8163f,0f,0f,0f,1f],start_interpolation: 0,interpolation_duration: 1}
$data merge entity $(torso) {transformation: [-1f,0f,0f,0f,0f,0.8954f,-0.4453f,-3070.7129f,0f,-0.4453f,-0.8954f,-4.8163f,0f,0f,0f,1f],start_interpolation: 0,interpolation_duration: 1}
$data merge entity $(right_leg) {transformation: [-0.9988f,-0.0408f,-0.0275f,-0.125f,-0.017f,0.811f,-0.5849f,-4095.3285f,0.0462f,-0.5837f,-0.8107f,-4.5102f,0f,0f,0f,1f],start_interpolation: 0,interpolation_duration: 1}
$data merge entity $(left_leg) {transformation: [-0.9993f,0.036f,0.0141f,0.125f,0.0293f,0.9427f,-0.3323f,-5119.3285f,-0.0252f,-0.3316f,-0.9431f,-4.5102f,0f,0f,0f,1f],start_interpolation: 0,interpolation_duration: 1}
$data merge entity $(door) {transformation: [-2f,0f,0f,0f,0f,2f,0f,3.0208f,0f,0f,-2f,0f,0f,0f,0f,1f],start_interpolation: 0,interpolation_duration: 1}
data modify storage animated_java:temp entry.data merge value {"cameras":{"camera":{"px":8.076222523818138e-16,"py":3.389124542493114,"pz":-6.59473615530708,"ry":0,"rx":17.309482183958643}},"locators":{}}
# Data Manager: Write
function animated_java:global/data_manager/write with storage animated_java:temp args