# This file was generated by Animated Java via MC-Build. It is not recommended to edit this file directly.
$data merge entity $(head) {transformation: [-0.993f,0.1181f,-0.0027f,0f,0.1023f,0.8482f,-0.5197f,1.2749f,-0.0591f,-0.5163f,-0.8544f,-4.5311f,0f,0f,0f,1f],start_interpolation: 0,interpolation_duration: 1}
$data merge entity $(right_arm) {transformation: [-0.9801f,-0.0466f,0.1928f,-0.25f,-0.1206f,0.9117f,-0.3928f,-1022.7251f,-0.1574f,-0.4083f,-0.8992f,-4.5311f,0f,0f,0f,1f],start_interpolation: 0,interpolation_duration: 1}
$data merge entity $(left_arm) {transformation: [-0.9668f,0.0974f,-0.2361f,0.25f,0.2011f,-0.2791f,-0.939f,-2046.7251f,-0.1573f,-0.9553f,0.2503f,-4.5311f,0f,0f,0f,1f],start_interpolation: 0,interpolation_duration: 1}
$data merge entity $(torso) {transformation: [-1f,0f,0f,0f,0f,0.8869f,-0.462f,-3070.7251f,0f,-0.462f,-0.8869f,-4.5311f,0f,0f,0f,1f],start_interpolation: 0,interpolation_duration: 1}
$data merge entity $(right_leg) {transformation: [-0.9994f,-0.0292f,-0.0182f,-0.125f,-0.0113f,0.7783f,-0.6277f,-4095.3348f,0.0325f,-0.6272f,-0.7782f,-4.2134f,0f,0f,0f,1f],start_interpolation: 0,interpolation_duration: 1}
$data merge entity $(left_leg) {transformation: [-0.9993f,0.0354f,0.014f,0.125f,0.0284f,0.9374f,-0.347f,-5119.3348f,-0.0254f,-0.3464f,-0.9377f,-4.2134f,0f,0f,0f,1f],start_interpolation: 0,interpolation_duration: 1}
$data merge entity $(door) {transformation: [-2f,0f,0f,0f,0f,2f,0f,3.0201f,0f,0f,-2f,0f,0f,0f,0f,1f],start_interpolation: 0,interpolation_duration: 1}
data modify storage animated_java:temp entry.data merge value {"cameras":{"camera":{"px":7.760625889483259e-16,"py":3.3148529931841564,"pz":-6.337031946587791,"ry":0,"rx":18.76730752743484}},"locators":{}}
# Data Manager: Write
function animated_java:global/data_manager/write with storage animated_java:temp args