# This file was generated by Animated Java via MC-Build. It is not recommended to edit this file directly.
$data merge entity $(head) {transformation: [-0.9789f,0.0764f,0.1897f,0.0132f,0.1811f,0.7545f,0.6308f,1.2736f,-0.095f,0.6519f,-0.7524f,-6.2389f,0f,0f,0f,1f],start_interpolation: 0,interpolation_duration: 1}
$data merge entity $(right_arm) {transformation: [-0.9808f,-0.0712f,0.1815f,-0.2373f,-0.0911f,0.9904f,-0.1039f,-1022.7709f,-0.1723f,-0.1184f,-0.9779f,-6.303f,0f,0f,0f,1f],start_interpolation: 0,interpolation_duration: 1}
$data merge entity $(left_arm) {transformation: [-0.9879f,-0.0207f,0.1535f,0.2557f,-0.1094f,0.7947f,-0.5971f,-2046.6744f,-0.1097f,-0.6067f,-0.7873f,-6.3613f,0f,0f,0f,1f],start_interpolation: 0,interpolation_duration: 1}
$data merge entity $(torso) {transformation: [-0.9972f,0.0176f,-0.0727f,0.0132f,-0.063f,0.3264f,0.9431f,-3070.7264f,0.0404f,0.9451f,-0.3243f,-6.2389f,0f,0f,0f,1f],start_interpolation: 0,interpolation_duration: 1}
$data merge entity $(right_leg) {transformation: [-0.9745f,0.2199f,0.0455f,-0.125f,0.13f,0.3875f,0.9127f,-4094.9924f,0.183f,0.8953f,-0.4062f,-6.927f,0f,0f,0f,1f],start_interpolation: 0,interpolation_duration: 1}
$data merge entity $(left_leg) {transformation: [-0.9858f,-0.166f,-0.0235f,0.125f,-0.0096f,-0.084f,0.9964f,-5118.9627f,-0.1674f,0.9825f,0.0812f,-6.9993f,0f,0f,0f,1f],start_interpolation: 0,interpolation_duration: 1}
$data merge entity $(door) {transformation: [-2f,0f,0f,0f,0f,2f,0f,2.9386f,0f,0f,-2f,0f,0f,0f,0f,1f],start_interpolation: 0,interpolation_duration: 1}
data modify storage animated_java:temp entry.data merge value {"cameras":{"camera":{"px":-1.6862198452435133,"py":1.62724738279472,"pz":-7.40973486572599,"ry":324.67772868949766,"rx":2.3700940580785774}},"locators":{}}
# Data Manager: Write
function animated_java:global/data_manager/write with storage animated_java:temp args