# This file was generated by Animated Java via MC-Build. It is not recommended to edit this file directly.
$data merge entity $(head) {transformation: [-0.995f,0.1f,-0.0028f,0f,0.0866f,0.8474f,-0.5239f,1.2749f,-0.05f,-0.5215f,-0.8518f,-4.7915f,0f,0f,0f,1f],start_interpolation: 0,interpolation_duration: 1}
$data merge entity $(right_arm) {transformation: [-0.9845f,-0.0655f,0.1629f,-0.25f,-0.1281f,0.9023f,-0.4116f,-1022.7251f,-0.12f,-0.4261f,-0.8967f,-4.7915f,0f,0f,0f,1f],start_interpolation: 0,interpolation_duration: 1}
$data merge entity $(left_arm) {transformation: [-0.9663f,0.1655f,-0.197f,0.25f,0.18f,-0.1124f,-0.9772f,-2046.7251f,-0.1839f,-0.9798f,0.0788f,-4.7915f,0f,0f,0f,1f],start_interpolation: 0,interpolation_duration: 1}
$data merge entity $(torso) {transformation: [-1f,0f,0f,0f,0f,0.8869f,-0.462f,-3070.7251f,0f,-0.462f,-0.8869f,-4.7915f,0f,0f,0f,1f],start_interpolation: 0,interpolation_duration: 1}
$data merge entity $(right_leg) {transformation: [-0.9988f,-0.0403f,-0.0269f,-0.125f,-0.0159f,0.7965f,-0.6044f,-4095.3348f,0.0458f,-0.6033f,-0.7962f,-4.4739f,0f,0f,0f,1f],start_interpolation: 0,interpolation_duration: 1}
$data merge entity $(left_leg) {transformation: [-0.9993f,0.0354f,0.014f,0.125f,0.0284f,0.9374f,-0.347f,-5119.3348f,-0.0254f,-0.3464f,-0.9377f,-4.4739f,0f,0f,0f,1f],start_interpolation: 0,interpolation_duration: 1}
$data merge entity $(door) {transformation: [-2f,0f,0f,0f,0f,2f,0f,3.0201f,0f,0f,-2f,0f,0f,0f,0f,1f],start_interpolation: 0,interpolation_duration: 1}
data modify storage animated_java:temp entry.data merge value {"cameras":{"camera":{"px":8.026451560635714e-16,"py":3.378776397046801,"pz":-6.554095079678518,"ry":0,"rx":17.51512445445055}},"locators":{}}
# Data Manager: Write
function animated_java:global/data_manager/write with storage animated_java:temp args