# This file was generated by Animated Java via MC-Build. It is not recommended to edit this file directly.
$data merge entity $(head) {transformation: [-0.9946f,0.1033f,-0.0029f,0f,0.0885f,0.8371f,-0.5398f,1.2623f,-0.0533f,-0.5372f,-0.8418f,-4.7677f,0f,0f,0f,1f],start_interpolation: 0,interpolation_duration: 1}
$data merge entity $(right_arm) {transformation: [-0.9837f,-0.064f,0.1682f,-0.25f,-0.131f,0.8956f,-0.4252f,-1022.7377f,-0.1235f,-0.4403f,-0.8893f,-4.7677f,0f,0f,0f,1f],start_interpolation: 0,interpolation_duration: 1}
$data merge entity $(left_arm) {transformation: [-0.9657f,0.1569f,-0.2069f,0.25f,0.181f,-0.1644f,-0.9696f,-2046.7377f,-0.1862f,-0.9738f,0.1304f,-4.7677f,0f,0f,0f,1f],start_interpolation: 0,interpolation_duration: 1}
$data merge entity $(torso) {transformation: [-1f,0f,0f,0f,0f,0.8781f,-0.4784f,-3070.7377f,0f,-0.4784f,-0.8781f,-4.7677f,0f,0f,0f,1f],start_interpolation: 0,interpolation_duration: 1}
$data merge entity $(right_leg) {transformation: [-0.9989f,-0.0395f,-0.0261f,-0.125f,-0.0147f,0.7818f,-0.6234f,-4095.3414f,0.045f,-0.6223f,-0.7815f,-4.4388f,0f,0f,0f,1f],start_interpolation: 0,interpolation_duration: 1}
$data merge entity $(left_leg) {transformation: [-0.9993f,0.0345f,0.0137f,0.125f,0.0272f,0.9318f,-0.3619f,-5119.3414f,-0.0253f,-0.3613f,-0.9321f,-4.4388f,0f,0f,0f,1f],start_interpolation: 0,interpolation_duration: 1}
$data merge entity $(door) {transformation: [-2f,0f,0f,0f,0f,2f,0f,3.0179f,0f,0f,-2f,0f,0f,0f,0f,1f],start_interpolation: 0,interpolation_duration: 1}
data modify storage animated_java:temp entry.data merge value {"cameras":{"camera":{"px":7.978052427676406e-16,"py":3.3683433534154226,"pz":-6.514574188436239,"ry":0,"rx":17.721678594337607}},"locators":{}}
# Data Manager: Write
function animated_java:global/data_manager/write with storage animated_java:temp args