# This file was generated by Animated Java via MC-Build. It is not recommended to edit this file directly.
$data merge entity $(head) {transformation: [-0.9926f,0.1211f,-0.0024f,0f,0.1037f,0.8397f,-0.533f,1.2623f,-0.0625f,-0.5293f,-0.8461f,-4.5115f,0f,0f,0f,1f],start_interpolation: 0,interpolation_duration: 1}
$data merge entity $(right_arm) {transformation: [-0.9794f,-0.0398f,0.198f,-0.25f,-0.1188f,0.9063f,-0.4057f,-1022.7377f,-0.1633f,-0.4208f,-0.8923f,-4.5115f,0f,0f,0f,1f],start_interpolation: 0,interpolation_duration: 1}
$data merge entity $(left_arm) {transformation: [-0.9682f,0.08f,-0.237f,0.25f,0.2006f,-0.318f,-0.9266f,-2046.7377f,-0.1495f,-0.9447f,0.2919f,-4.5115f,0f,0f,0f,1f],start_interpolation: 0,interpolation_duration: 1}
$data merge entity $(torso) {transformation: [-1f,0f,0f,0f,0f,0.8781f,-0.4784f,-3070.7377f,0f,-0.4784f,-0.8781f,-4.5115f,0f,0f,0f,1f],start_interpolation: 0,interpolation_duration: 1}
$data merge entity $(right_leg) {transformation: [-0.9996f,-0.025f,-0.0154f,-0.125f,-0.0091f,0.7635f,-0.6458f,-4095.3414f,0.0279f,-0.6454f,-0.7634f,-4.1826f,0f,0f,0f,1f],start_interpolation: 0,interpolation_duration: 1}
$data merge entity $(left_leg) {transformation: [-0.9993f,0.0345f,0.0137f,0.125f,0.0272f,0.9318f,-0.3619f,-5119.3414f,-0.0253f,-0.3613f,-0.9321f,-4.1826f,0f,0f,0f,1f],start_interpolation: 0,interpolation_duration: 1}
$data merge entity $(door) {transformation: [-2f,0f,0f,0f,0f,2f,0f,3.0179f,0f,0f,-2f,0f,0f,0f,0f,1f],start_interpolation: 0,interpolation_duration: 1}
data modify storage animated_java:temp entry.data merge value {"cameras":{"camera":{"px":7.716618754298171e-16,"py":3.3019547325102883,"pz":-6.301097393689986,"ry":0,"rx":19.01577503429355}},"locators":{}}
# Data Manager: Write
function animated_java:global/data_manager/write with storage animated_java:temp args