# This file was generated by Animated Java via MC-Build. It is not recommended to edit this file directly.
$data merge entity $(head) {transformation: [-0.98f,0.1026f,0.1704f,0.0153f,0.194f,0.6826f,0.7045f,1.0733f,-0.044f,0.7235f,-0.6889f,-5.8333f,0f,0f,0f,1f],start_interpolation: 0,interpolation_duration: 1}
$data merge entity $(right_arm) {transformation: [-0.9574f,0.209f,0.1991f,-0.2363f,0.0517f,0.8029f,-0.5939f,-1022.9536f,-0.284f,-0.5583f,-0.7795f,-5.9351f,0f,0f,0f,1f],start_interpolation: 0,interpolation_duration: 1}
$data merge entity $(left_arm) {transformation: [-0.9899f,-0.0398f,0.136f,0.2577f,-0.1181f,0.7624f,-0.6362f,-2046.8485f,-0.0784f,-0.6459f,-0.7594f,-5.9538f,0f,0f,0f,1f],start_interpolation: 0,interpolation_duration: 1}
$data merge entity $(torso) {transformation: [-0.9976f,0.0203f,-0.0654f,0.0153f,-0.0633f,0.0918f,0.9938f,-3070.9267f,0.0262f,0.9956f,-0.0903f,-5.8333f,0f,0f,0f,1f],start_interpolation: 0,interpolation_duration: 1}
$data merge entity $(right_leg) {transformation: [-0.9537f,0.2838f,0.0998f,-0.125f,0.0666f,-0.1242f,0.99f,-4095.005f,0.2933f,0.9508f,0.0996f,-6.5733f,0f,0f,0f,1f],start_interpolation: 0,interpolation_duration: 1}
$data merge entity $(left_leg) {transformation: [-0.9751f,-0.2205f,-0.0243f,0.125f,0.0352f,-0.2618f,0.9645f,-5118.9602f,-0.2191f,0.9396f,0.2631f,-6.6233f,0f,0f,0f,1f],start_interpolation: 0,interpolation_duration: 1}
$data merge entity $(door) {transformation: [-2f,0f,0f,0f,0f,2f,0f,2.9133f,0f,0f,-2f,0f,0f,0f,0f,1f],start_interpolation: 0,interpolation_duration: 1}
data modify storage animated_java:temp entry.data merge value {"cameras":{"camera":{"px":-1.491664770141101,"py":1.5731964041875286,"pz":-7.586936731907146,"ry":335.6818615864027,"rx":2.4892223043908195}},"locators":{}}
# Data Manager: Write
function animated_java:global/data_manager/write with storage animated_java:temp args