# This file was generated by Animated Java via MC-Build. It is not recommended to edit this file directly.
$data merge entity $(head) {transformation: [-0.9943f,0.1065f,-0.003f,0f,0.0902f,0.8269f,-0.5551f,1.2494f,-0.0567f,-0.5522f,-0.8318f,-4.745f,0f,0f,0f,1f],start_interpolation: 0,interpolation_duration: 1}
$data merge entity $(right_arm) {transformation: [-0.9829f,-0.0619f,0.1734f,-0.25f,-0.1333f,0.8888f,-0.4385f,-1022.7506f,-0.127f,-0.4541f,-0.8818f,-4.745f,0f,0f,0f,1f],start_interpolation: 0,interpolation_duration: 1}
$data merge entity $(left_arm) {transformation: [-0.9653f,0.1472f,-0.2156f,0.25f,0.1818f,-0.2138f,-0.9598f,-2046.7506f,-0.1873f,-0.9657f,0.1796f,-4.745f,0f,0f,0f,1f],start_interpolation: 0,interpolation_duration: 1}
$data merge entity $(torso) {transformation: [-1f,0f,0f,0f,0f,0.8691f,-0.4945f,-3070.7506f,0f,-0.4945f,-0.8691f,-4.745f,0f,0f,0f,1f],start_interpolation: 0,interpolation_duration: 1}
$data merge entity $(right_leg) {transformation: [-0.999f,-0.0383f,-0.025f,-0.125f,-0.0134f,0.7668f,-0.6418f,-4095.3481f,0.0438f,-0.6408f,-0.7665f,-4.405f,0f,0f,0f,1f],start_interpolation: 0,interpolation_duration: 1}
$data merge entity $(left_leg) {transformation: [-0.9994f,0.0334f,0.0134f,0.125f,0.0259f,0.9259f,-0.3768f,-5119.3481f,-0.025f,-0.3762f,-0.9262f,-4.405f,0f,0f,0f,1f],start_interpolation: 0,interpolation_duration: 1}
$data merge entity $(door) {transformation: [-2f,0f,0f,0f,0f,2f,0f,3.0142f,0f,0f,-2f,0f,0f,0f,0f,1f],start_interpolation: 0,interpolation_duration: 1}
data modify storage animated_java:temp entry.data merge value {"cameras":{"camera":{"px":7.93116952812159e-16,"py":3.3578324864477342,"pz":-6.476291395726163,"ry":0,"rx":17.928955940986334}},"locators":{}}
# Data Manager: Write
function animated_java:global/data_manager/write with storage animated_java:temp args