# This file was generated by Animated Java via MC-Build. It is not recommended to edit this file directly.
$data merge entity $(head) {transformation: [-0.9806f,0.1192f,0.1553f,0.0148f,0.1919f,0.7433f,0.6408f,1.004f,-0.0391f,0.6582f,-0.7518f,-5.526f,0f,0f,0f,1f],start_interpolation: 0,interpolation_duration: 1}
$data merge entity $(right_arm) {transformation: [-0.9305f,0.3647f,0.0338f,-0.2372f,0.1243f,0.4012f,-0.9075f,-1023.0199f,-0.3446f,-0.8402f,-0.4187f,-5.6447f,0f,0f,0f,1f],start_interpolation: 0,interpolation_duration: 1}
$data merge entity $(left_arm) {transformation: [-0.9889f,-0.0691f,0.1315f,0.2572f,-0.1464f,0.6044f,-0.7831f,-2046.9158f,-0.0253f,-0.7937f,-0.6078f,-5.6591f,0f,0f,0f,1f],start_interpolation: 0,interpolation_duration: 1}
$data merge entity $(torso) {transformation: [-0.9979f,0.0197f,-0.0624f,0.0148f,-0.0608f,0.0695f,0.9957f,-3070.996f,0.0239f,0.9974f,-0.0682f,-5.526f,0f,0f,0f,1f],start_interpolation: 0,interpolation_duration: 1}
$data merge entity $(right_leg) {transformation: [-0.9372f,0.3141f,0.1516f,-0.125f,0.0335f,-0.3516f,0.9355f,-4095.0481f,0.3471f,0.8819f,0.319f,-6.274f,0f,0f,0f,1f],start_interpolation: 0,interpolation_duration: 1}
$data merge entity $(left_leg) {transformation: [-0.9659f,-0.2578f,-0.0227f,0.125f,0.0503f,-0.2731f,0.9607f,-5118.9996f,-0.2539f,0.9268f,0.2767f,-6.3134f,0f,0f,0f,1f],start_interpolation: 0,interpolation_duration: 1}
$data merge entity $(door) {transformation: [-2f,0f,0f,0f,0f,2f,0f,2.8839f,0f,0f,-2f,0f,0f,0f,0f,1f],start_interpolation: 0,interpolation_duration: 1}
data modify storage animated_java:temp entry.data merge value {"cameras":{"camera":{"px":-1.3079483386436048,"py":1.5227014110150208,"pz":-7.719902139280837,"ry":345.44992190905134,"rx":2.5373586415809033}},"locators":{}}
# Data Manager: Write
function animated_java:global/data_manager/write with storage animated_java:temp args
execute unless entity @s[tag=aj.transforms_only] at @s run function aj:entrance/animations/close/zzz/frames/33_root_function