# This file was generated by Animated Java via MC-Build. It is not recommended to edit this file directly.
$data merge entity $(head) {transformation: [-0.9923f,0.1238f,-0.002f,0f,0.1049f,0.8316f,-0.5454f,1.2494f,-0.0659f,-0.5414f,-0.8382f,-4.495f,0f,0f,0f,1f],start_interpolation: 0,interpolation_duration: 1}
$data merge entity $(right_arm) {transformation: [-0.9787f,-0.0318f,0.203f,-0.25f,-0.116f,0.9009f,-0.4183f,-1022.7506f,-0.1695f,-0.4329f,-0.8853f,-4.495f,0f,0f,0f,1f],start_interpolation: 0,interpolation_duration: 1}
$data merge entity $(left_arm) {transformation: [-0.9699f,0.0615f,-0.2355f,0.25f,0.1997f,-0.3523f,-0.9143f,-2046.7506f,-0.1393f,-0.9338f,0.3295f,-4.495f,0f,0f,0f,1f],start_interpolation: 0,interpolation_duration: 1}
$data merge entity $(torso) {transformation: [-1f,0f,0f,0f,0f,0.8691f,-0.4945f,-3070.7506f,0f,-0.4945f,-0.8691f,-4.495f,0f,0f,0f,1f],start_interpolation: 0,interpolation_duration: 1}
$data merge entity $(right_leg) {transformation: [-0.9997f,-0.02f,-0.0122f,-0.125f,-0.0068f,0.7485f,-0.6631f,-4095.3481f,0.0224f,-0.6628f,-0.7485f,-4.155f,0f,0f,0f,1f],start_interpolation: 0,interpolation_duration: 1}
$data merge entity $(left_leg) {transformation: [-0.9994f,0.0334f,0.0134f,0.125f,0.0259f,0.9259f,-0.3768f,-5119.3481f,-0.025f,-0.3762f,-0.9262f,-4.155f,0f,0f,0f,1f],start_interpolation: 0,interpolation_duration: 1}
$data merge entity $(door) {transformation: [-2f,0f,0f,0f,0f,2f,0f,3.0142f,0f,0f,-2f,0f,0f,0f,0f,1f],start_interpolation: 0,interpolation_duration: 1}
data modify storage animated_java:temp entry.data merge value {"cameras":{"camera":{"px":7.676056725688616e-16,"py":3.2890082465277777,"pz":-6.267975983796296,"ry":0,"rx":19.26359953703704}},"locators":{}}
# Data Manager: Write
function animated_java:global/data_manager/write with storage animated_java:temp args