# This file was generated by Animated Java via MC-Build. It is not recommended to edit this file directly.
$data merge entity $(head) {transformation: [-0.9806f,0.1257f,0.1502f,0.0144f,0.1922f,0.7656f,0.6139f,0.8983f,-0.0378f,0.6309f,-0.775f,-5.1955f,0f,0f,0f,1f],start_interpolation: 0,interpolation_duration: 1}
$data merge entity $(right_arm) {transformation: [-0.9224f,0.3852f,-0.0299f,-0.2375f,0.1413f,0.2643f,-0.9541f,-1023.1247f,-0.3596f,-0.8842f,-0.2982f,-5.3149f,0f,0f,0f,1f],start_interpolation: 0,interpolation_duration: 1}
$data merge entity $(left_arm) {transformation: [-0.9878f,-0.0854f,0.1299f,0.2566f,-0.1555f,0.5306f,-0.8332f,-2047.0207f,0.0022f,-0.8433f,-0.5374f,-5.3428f,0f,0f,0f,1f],start_interpolation: 0,interpolation_duration: 1}
$data merge entity $(torso) {transformation: [-0.9979f,0.0192f,-0.0625f,0.0144f,-0.0612f,0.062f,0.9962f,-3071.1017f,0.023f,0.9979f,-0.0607f,-5.1955f,0f,0f,0f,1f],start_interpolation: 0,interpolation_duration: 1}
$data merge entity $(right_leg) {transformation: [-0.9344f,0.3192f,0.158f,-0.125f,0.0168f,-0.4037f,0.9147f,-4095.1481f,0.3557f,0.8574f,0.3719f,-5.9439f,0f,0f,0f,1f],start_interpolation: 0,interpolation_duration: 1}
$data merge entity $(left_leg) {transformation: [-0.9634f,-0.2674f,-0.0205f,0.125f,0.0571f,-0.2791f,0.9586f,-5119.0971f,-0.262f,0.9223f,0.2842f,-5.9823f,0f,0f,0f,1f],start_interpolation: 0,interpolation_duration: 1}
$data merge entity $(door) {transformation: [-2f,0f,0f,0f,0f,2f,0f,2.8504f,0f,0f,-2f,0f,0f,0f,0f,1f],start_interpolation: 0,interpolation_duration: 1}
data modify storage animated_java:temp entry.data merge value {"cameras":{"camera":{"px":-1.1418126991351836,"py":1.4770425580336823,"pz":-7.798475193445608,"ry":353.66229354319205,"rx":2.5315896664601594}},"locators":{}}
# Data Manager: Write
function animated_java:global/data_manager/write with storage animated_java:temp args