# This file was generated by Animated Java via MC-Build. It is not recommended to edit this file directly.
$data merge entity $(head) {transformation: [-0.992f,0.1263f,-0.0015f,0f,0.1057f,0.8238f,-0.557f,1.2362f,-0.0692f,-0.5526f,-0.8305f,-4.4816f,0f,0f,0f,1f],start_interpolation: 0,interpolation_duration: 1}
$data merge entity $(right_arm) {transformation: [-0.9779f,-0.0225f,0.2077f,-0.25f,-0.1121f,0.8955f,-0.4307f,-1022.7638f,-0.1763f,-0.4444f,-0.8783f,-4.4816f,0f,0f,0f,1f],start_interpolation: 0,interpolation_duration: 1}
$data merge entity $(left_arm) {transformation: [-0.9719f,0.0421f,-0.2316f,0.25f,0.1985f,-0.3819f,-0.9026f,-2046.7638f,-0.1264f,-0.9232f,0.3628f,-4.4816f,0f,0f,0f,1f],start_interpolation: 0,interpolation_duration: 1}
$data merge entity $(torso) {transformation: [-1f,0f,0f,0f,0f,0.86f,-0.5104f,-3070.7638f,0f,-0.5104f,-0.86f,-4.4816f,0f,0f,0f,1f],start_interpolation: 0,interpolation_duration: 1}
$data merge entity $(right_leg) {transformation: [-0.9999f,-0.0142f,-0.0086f,-0.125f,-0.0046f,0.7336f,-0.6796f,-4095.355f,0.0159f,-0.6794f,-0.7336f,-4.1307f,0f,0f,0f,1f],start_interpolation: 0,interpolation_duration: 1}
$data merge entity $(left_leg) {transformation: [-0.9994f,0.0319f,0.0128f,0.125f,0.0243f,0.9197f,-0.3919f,-5119.355f,-0.0243f,-0.3913f,-0.9199f,-4.1307f,0f,0f,0f,1f],start_interpolation: 0,interpolation_duration: 1}
$data merge entity $(door) {transformation: [-2f,0f,0f,0f,0f,2f,0f,3.0087f,0f,0f,-2f,0f,0f,0f,0f,1f],start_interpolation: 0,interpolation_duration: 1}
data modify storage animated_java:temp entry.data merge value {"cameras":{"camera":{"px":7.639185882695704e-16,"py":3.276025591563786,"pz":-6.237868655692729,"ry":0,"rx":19.510459533607687}},"locators":{}}
# Data Manager: Write
function animated_java:global/data_manager/write with storage animated_java:temp args