# This file was generated by Animated Java via MC-Build. It is not recommended to edit this file directly.
$data merge entity $(head) {transformation: [-0.994f,0.1095f,-0.003f,0f,0.0917f,0.8167f,-0.5698f,1.2362f,-0.06f,-0.5666f,-0.8218f,-4.7234f,0f,0f,0f,1f],start_interpolation: 0,interpolation_duration: 1}
$data merge entity $(right_arm) {transformation: [-0.9822f,-0.0592f,0.1785f,-0.25f,-0.1352f,0.882f,-0.4515f,-1022.7638f,-0.1307f,-0.4676f,-0.8742f,-4.7234f,0f,0f,0f,1f],start_interpolation: 0,interpolation_duration: 1}
$data merge entity $(left_arm) {transformation: [-0.9652f,0.1363f,-0.223f,0.25f,0.1823f,-0.2603f,-0.9482f,-2046.7638f,-0.1872f,-0.9559f,0.2264f,-4.7234f,0f,0f,0f,1f],start_interpolation: 0,interpolation_duration: 1}
$data merge entity $(torso) {transformation: [-1f,0f,0f,0f,0f,0.86f,-0.5104f,-3070.7638f,0f,-0.5104f,-0.86f,-4.7234f,0f,0f,0f,1f],start_interpolation: 0,interpolation_duration: 1}
$data merge entity $(right_leg) {transformation: [-0.999f,-0.0368f,-0.0237f,-0.125f,-0.012f,0.7516f,-0.6595f,-4095.355f,0.0421f,-0.6586f,-0.7513f,-4.3725f,0f,0f,0f,1f],start_interpolation: 0,interpolation_duration: 1}
$data merge entity $(left_leg) {transformation: [-0.9994f,0.0319f,0.0128f,0.125f,0.0243f,0.9197f,-0.3919f,-5119.355f,-0.0243f,-0.3913f,-0.9199f,-4.3725f,0f,0f,0f,1f],start_interpolation: 0,interpolation_duration: 1}
$data merge entity $(door) {transformation: [-2f,0f,0f,0f,0f,2f,0f,3.0087f,0f,0f,-2f,0f,0f,0f,0f,1f],start_interpolation: 0,interpolation_duration: 1}
data modify storage animated_java:temp entry.data merge value {"cameras":{"camera":{"px":7.885947265152647e-16,"py":3.3472508709924913,"pz":-6.439364615694216,"ry":0,"rx":18.136767831763247}},"locators":{}}
# Data Manager: Write
function animated_java:global/data_manager/write with storage animated_java:temp args