# This file was generated by Animated Java via MC-Build. It is not recommended to edit this file directly.
$data merge entity $(head) {transformation: [-0.9917f,0.1286f,-0.0008f,0f,0.1063f,0.8165f,-0.5675f,1.2227f,-0.0723f,-0.5629f,-0.8233f,-4.4716f,0f,0f,0f,1f],start_interpolation: 0,interpolation_duration: 1}
$data merge entity $(right_arm) {transformation: [-0.9772f,-0.0119f,0.2122f,-0.25f,-0.107f,0.8902f,-0.4428f,-1022.7773f,-0.1836f,-0.4554f,-0.8712f,-4.4716f,0f,0f,0f,1f],start_interpolation: 0,interpolation_duration: 1}
$data merge entity $(left_arm) {transformation: [-0.9741f,0.0216f,-0.2252f,0.25f,0.1972f,-0.4067f,-0.892f,-2046.7773f,-0.1108f,-0.9133f,0.3919f,-4.4716f,0f,0f,0f,1f],start_interpolation: 0,interpolation_duration: 1}
$data merge entity $(torso) {transformation: [-1f,0f,0f,0f,0f,0.8506f,-0.5259f,-3070.7773f,0f,-0.5259f,-0.8506f,-4.4716f,0f,0f,0f,1f],start_interpolation: 0,interpolation_duration: 1}
$data merge entity $(right_leg) {transformation: [-1f,-0.0075f,-0.0045f,-0.125f,-0.0023f,0.7187f,-0.6953f,-4095.3621f,0.0085f,-0.6952f,-0.7187f,-4.1101f,0f,0f,0f,1f],start_interpolation: 0,interpolation_duration: 1}
$data merge entity $(left_leg) {transformation: [-0.9995f,0.03f,0.0121f,0.125f,0.0225f,0.9132f,-0.4069f,-5119.3621f,-0.0233f,-0.4065f,-0.9134f,-4.1101f,0f,0f,0f,1f],start_interpolation: 0,interpolation_duration: 1}
$data merge entity $(door) {transformation: [-2f,0f,0f,0f,0f,2f,0f,3.0015f,0f,0f,-2f,0f,0f,0f,0f,1f],start_interpolation: 0,interpolation_duration: 1}
data modify storage animated_java:temp entry.data merge value {"cameras":{"camera":{"px":7.606252304360546e-16,"py":3.2630188239454734,"pz":-6.210976348165295,"ry":0,"rx":19.756033521947874}},"locators":{}}
# Data Manager: Write
function animated_java:global/data_manager/write with storage animated_java:temp args