# This file was generated by Animated Java via MC-Build. It is not recommended to edit this file directly.
$data merge entity $(head) {transformation: [-0.9936f,0.1125f,-0.0029f,0f,0.093f,0.8066f,-0.5838f,1.2227f,-0.0633f,-0.5803f,-0.8119f,-4.7031f,0f,0f,0f,1f],start_interpolation: 0,interpolation_duration: 1}
$data merge entity $(right_arm) {transformation: [-0.9815f,-0.0558f,0.1833f,-0.25f,-0.1364f,0.8752f,-0.4641f,-1022.7773f,-0.1346f,-0.4806f,-0.8666f,-4.7031f,0f,0f,0f,1f],start_interpolation: 0,interpolation_duration: 1}
$data merge entity $(left_arm) {transformation: [-0.9655f,0.1243f,-0.2289f,0.25f,0.1826f,-0.3038f,-0.9351f,-2046.7773f,-0.1858f,-0.9446f,0.2706f,-4.7031f,0f,0f,0f,1f],start_interpolation: 0,interpolation_duration: 1}
$data merge entity $(torso) {transformation: [-1f,0f,0f,0f,0f,0.8506f,-0.5259f,-3070.7773f,0f,-0.5259f,-0.8506f,-4.7031f,0f,0f,0f,1f],start_interpolation: 0,interpolation_duration: 1}
$data merge entity $(right_leg) {transformation: [-0.9992f,-0.0347f,-0.0222f,-0.125f,-0.0106f,0.7363f,-0.6765f,-4095.3621f,0.0398f,-0.6757f,-0.7361f,-4.3416f,0f,0f,0f,1f],start_interpolation: 0,interpolation_duration: 1}
$data merge entity $(left_leg) {transformation: [-0.9995f,0.03f,0.0121f,0.125f,0.0225f,0.9132f,-0.4069f,-5119.3621f,-0.0233f,-0.4065f,-0.9134f,-4.3416f,0f,0f,0f,1f],start_interpolation: 0,interpolation_duration: 1}
$data merge entity $(door) {transformation: [-2f,0f,0f,0f,0f,2f,0f,3.0015f,0f,0f,-2f,0f,0f,0f,0f,1f],start_interpolation: 0,interpolation_duration: 1}
data modify storage animated_java:temp entry.data merge value {"cameras":{"camera":{"px":7.84253004195096e-16,"py":3.336605581898449,"pz":-6.403911762486322,"ry":0,"rx":18.344925604034863}},"locators":{}}
# Data Manager: Write
function animated_java:global/data_manager/write with storage animated_java:temp args