# This file was generated by Animated Java via MC-Build. It is not recommended to edit this file directly.
$data merge entity $(head) {transformation: [-0.9806f,0.1326f,0.1444f,0.0139f,0.1925f,0.7914f,0.5802f,0.7657f,-0.0373f,0.5967f,-0.8016f,-4.8521f,0f,0f,0f,1f],start_interpolation: 0,interpolation_duration: 1}
$data merge entity $(right_arm) {transformation: [-0.9167f,0.3907f,-0.0836f,-0.2379f,0.149f,0.1402f,-0.9788f,-1023.2572f,-0.3707f,-0.9098f,-0.1867f,-4.9721f,0f,0f,0f,1f],start_interpolation: 0,interpolation_duration: 1}
$data merge entity $(left_arm) {transformation: [-0.9861f,-0.1053f,0.1287f,0.2559f,-0.1625f,0.4453f,-0.8805f,-2047.1538f,0.0354f,-0.8892f,-0.4562f,-5.0144f,0f,0f,0f,1f],start_interpolation: 0,interpolation_duration: 1}
$data merge entity $(torso) {transformation: [-0.9979f,0.0186f,-0.0627f,0.0139f,-0.0615f,0.0598f,0.9963f,-3071.2343f,0.0222f,0.998f,-0.0586f,-4.8521f,0f,0f,0f,1f],start_interpolation: 0,interpolation_duration: 1}
$data merge entity $(right_leg) {transformation: [-0.9344f,0.3203f,0.1557f,-0.125f,0.0008f,-0.4353f,0.9003f,-4095.2792f,0.3562f,0.8414f,0.4065f,-5.6006f,0f,0f,0f,1f],start_interpolation: 0,interpolation_duration: 1}
$data merge entity $(left_leg) {transformation: [-0.9617f,-0.2735f,-0.016f,0.125f,0.0623f,-0.2754f,0.9593f,-5119.226f,-0.2668f,0.9216f,0.2819f,-5.6383f,0f,0f,0f,1f],start_interpolation: 0,interpolation_duration: 1}
$data merge entity $(door) {transformation: [-2f,0f,0f,0f,0f,2f,0f,2.8125f,0f,0f,-2f,0f,0f,0f,0f,1f],start_interpolation: 0,interpolation_duration: 1}
data modify storage animated_java:temp entry.data merge value {"cameras":{"camera":{"px":-0.999999999999999,"py":1.4375,"pz":-7.8125,"ry":0,"rx":2.5000000000000044}},"locators":{}}
# Data Manager: Write
function animated_java:global/data_manager/write with storage animated_java:temp args