# This file was generated by Animated Java via MC-Build. It is not recommended to edit this file directly.
$data merge entity $(head) {transformation: [-0.9805f,0.1395f,0.1383f,0.0133f,0.1928f,0.8187f,0.5409f,0.6222f,-0.0377f,0.557f,-0.8296f,-4.5071f,0f,0f,0f,1f],start_interpolation: 0,interpolation_duration: 1}
$data merge entity $(right_arm) {transformation: [-0.9134f,0.3874f,-0.1251f,-0.2384f,0.149f,0.0322f,-0.9883f,-1023.4011f,-0.3788f,-0.9214f,-0.0871f,-4.6275f,0f,0f,0f,1f],start_interpolation: 0,interpolation_duration: 1}
$data merge entity $(left_arm) {transformation: [-0.9832f,-0.1287f,0.1294f,0.2551f,-0.1673f,0.352f,-0.9209f,-2047.299f,0.073f,-0.9271f,-0.3676f,-4.6847f,0f,0f,0f,1f],start_interpolation: 0,interpolation_duration: 1}
$data merge entity $(torso) {transformation: [-0.9979f,0.0177f,-0.0629f,0.0133f,-0.0617f,0.0628f,0.9961f,-3071.3778f,0.0216f,0.9979f,-0.0616f,-4.5071f,0f,0f,0f,1f],start_interpolation: 0,interpolation_duration: 1}
$data merge entity $(right_leg) {transformation: [-0.9367f,0.3186f,0.1455f,-0.125f,-0.0141f,-0.4494f,0.8932f,-4095.4249f,0.35f,0.8346f,0.4254f,-5.2555f,0f,0f,0f,1f],start_interpolation: 0,interpolation_duration: 1}
$data merge entity $(left_leg) {transformation: [-0.9609f,-0.2766f,-0.0098f,0.125f,0.0661f,-0.2636f,0.9624f,-5119.37f,-0.2688f,0.9241f,0.2716f,-5.2926f,0f,0f,0f,1f],start_interpolation: 0,interpolation_duration: 1}
$data merge entity $(door) {transformation: [-2f,0f,0f,0f,0f,2f,0f,2.608f,0f,0f,-2f,0f,0f,0f,0f,1f],start_interpolation: 0,interpolation_duration: 1}
data modify storage animated_java:temp entry.data merge value {"cameras":{"camera":{"px":-0.8867777777777768,"py":1.4053888888888888,"pz":-7.766148148148148,"ry":2.3439228854495013,"rx":2.4831217918841846}},"locators":{}}
# Data Manager: Write
function animated_java:global/data_manager/write with storage animated_java:temp args