# This file was generated by Animated Java via MC-Build. It is not recommended to edit this file directly.
$data merge entity $(head) {transformation: [-0.9933f,0.1153f,-0.0029f,0f,0.0942f,0.7967f,-0.597f,1.209f,-0.0666f,-0.5933f,-0.8022f,-4.6842f,0f,0f,0f,1f],start_interpolation: 0,interpolation_duration: 1}
$data merge entity $(right_arm) {transformation: [-0.9808f,-0.0516f,0.1881f,-0.25f,-0.1371f,0.8685f,-0.4764f,-1022.791f,-0.1387f,-0.4931f,-0.8589f,-4.6842f,0f,0f,0f,1f],start_interpolation: 0,interpolation_duration: 1}
$data merge entity $(left_arm) {transformation: [-0.966f,0.1115f,-0.2333f,0.25f,0.1827f,-0.344f,-0.921f,-2046.791f,-0.1829f,-0.9323f,0.3119f,-4.6842f,0f,0f,0f,1f],start_interpolation: 0,interpolation_duration: 1}
$data merge entity $(torso) {transformation: [-1f,0f,0f,0f,0f,0.841f,-0.541f,-3070.791f,0f,-0.541f,-0.841f,-4.6842f,0f,0f,0f,1f],start_interpolation: 0,interpolation_duration: 1}
$data merge entity $(right_leg) {transformation: [-0.9993f,-0.0323f,-0.0204f,-0.125f,-0.0091f,0.721f,-0.6929f,-4095.3692f,0.037f,-0.6922f,-0.7207f,-4.3123f,0f,0f,0f,1f],start_interpolation: 0,interpolation_duration: 1}
$data merge entity $(left_leg) {transformation: [-0.9996f,0.0277f,0.0113f,0.125f,0.0204f,0.9063f,-0.4221f,-5119.3692f,-0.0219f,-0.4217f,-0.9065f,-4.3123f,0f,0f,0f,1f],start_interpolation: 0,interpolation_duration: 1}
$data merge entity $(door) {transformation: [-2f,0f,0f,0f,0f,2f,0f,2.9925f,0f,0f,-2f,0f,0f,0f,0f,1f],start_interpolation: 0,interpolation_duration: 1}
data modify storage animated_java:temp entry.data merge value {"cameras":{"camera":{"px":7.801062261697906e-16,"py":3.3259036940143636,"pz":-6.370050750248406,"ry":0,"rx":18.553240595167722}},"locators":{}}
# Data Manager: Write
function animated_java:global/data_manager/write with storage animated_java:temp args