# This file was generated by Animated Java via MC-Build. It is not recommended to edit this file directly.
$data merge entity $(head) {transformation: [-0.9914f,0.1305f,0f,0f,0.1066f,0.8096f,-0.5772f,1.209f,-0.0753f,-0.5722f,-0.8166f,-4.4652f,0f,0f,0f,1f],start_interpolation: 0,interpolation_duration: 1}
$data merge entity $(right_arm) {transformation: [-0.9763f,0f,0.2164f,-0.25f,-0.1008f,0.885f,-0.4546f,-1022.791f,-0.1915f,-0.4656f,-0.864f,-4.4652f,0f,0f,0f,1f],start_interpolation: 0,interpolation_duration: 1}
$data merge entity $(left_arm) {transformation: [-0.9763f,0f,-0.2164f,0.25f,0.1958f,-0.4266f,-0.883f,-2046.791f,-0.0923f,-0.9044f,0.4165f,-4.4652f,0f,0f,0f,1f],start_interpolation: 0,interpolation_duration: 1}
$data merge entity $(torso) {transformation: [-1f,0f,0f,0f,0f,0.841f,-0.541f,-3070.791f,0f,-0.541f,-0.841f,-4.4652f,0f,0f,0f,1f],start_interpolation: 0,interpolation_duration: 1}
$data merge entity $(right_leg) {transformation: [-1f,0f,0f,-0.125f,0f,0.704f,-0.7102f,-4095.3692f,0f,-0.7102f,-0.704f,-4.0932f,0f,0f,0f,1f],start_interpolation: 0,interpolation_duration: 1}
$data merge entity $(left_leg) {transformation: [-0.9996f,0.0277f,0.0113f,0.125f,0.0204f,0.9063f,-0.4221f,-5119.3692f,-0.0219f,-0.4217f,-0.9065f,-4.0932f,0f,0f,0f,1f],start_interpolation: 0,interpolation_duration: 1}
$data merge entity $(door) {transformation: [-2f,0f,0f,0f,0f,2f,0f,2.9925f,0f,0f,-2f,0f,0f,0f,0f,1f],start_interpolation: 0,interpolation_duration: 1}
data modify storage animated_java:temp entry.data merge value {"cameras":{"camera":{"px":7.577502069724248e-16,"py":3.25,"pz":-6.1875,"ry":0,"rx":19.999999999999996}},"locators":{}}
# Data Manager: Write
function animated_java:global/data_manager/write with storage animated_java:temp args