# This file was generated by Animated Java via MC-Build. It is not recommended to edit this file directly.
$data merge entity $(head) {transformation: [-0.991f,0.1336f,0.002f,0f,0.1077f,0.8078f,-0.5795f,1.1951f,-0.079f,-0.5741f,-0.8149f,-4.4864f,0f,0f,0f,1f],start_interpolation: 0,interpolation_duration: 1}
$data merge entity $(right_arm) {transformation: [-0.9741f,0.0276f,0.2244f,-0.25f,-0.0815f,0.8828f,-0.4625f,-1022.8049f,-0.2108f,-0.4688f,-0.8577f,-4.4864f,0f,0f,0f,1f],start_interpolation: 0,interpolation_duration: 1}
$data merge entity $(left_arm) {transformation: [-0.98f,-0.0465f,-0.1932f,0.25f,0.1939f,-0.4376f,-0.878f,-2046.8049f,-0.0437f,-0.898f,0.4379f,-4.4864f,0f,0f,0f,1f],start_interpolation: 0,interpolation_duration: 1}
$data merge entity $(torso) {transformation: [-1f,0f,0f,0f,0f,0.8314f,-0.5557f,-3070.8049f,0f,-0.5557f,-0.8314f,-4.4864f,0f,0f,0f,1f],start_interpolation: 0,interpolation_duration: 1}
$data merge entity $(right_leg) {transformation: [-0.9998f,0.0175f,0.0103f,-0.125f,0.0045f,0.6878f,-0.7259f,-4095.3765f,-0.0198f,-0.7257f,-0.6878f,-4.1043f,0f,0f,0f,1f],start_interpolation: 0,interpolation_duration: 1}
$data merge entity $(left_leg) {transformation: [-0.9996f,0.0251f,0.0102f,0.125f,0.0181f,0.8991f,-0.4373f,-5119.3765f,-0.0202f,-0.437f,-0.8993f,-4.1043f,0f,0f,0f,1f],start_interpolation: 0,interpolation_duration: 1}
$data merge entity $(door) {transformation: [-2f,0f,0f,0f,0f,2f,0f,2.9815f,0f,0f,-2f,0f,0f,0f,0f,1f],start_interpolation: 0,interpolation_duration: 1}
data modify storage animated_java:temp entry.data merge value {"cameras":{"camera":{"px":7.517126067611584e-16,"py":3.2133746355685133,"pz":-6.138199252915452,"ry":0,"rx":20.66098760932945}},"locators":{}}
# Data Manager: Write
function animated_java:global/data_manager/write with storage animated_java:temp args