# This file was generated by Animated Java via MC-Build. It is not recommended to edit this file directly.
$data merge entity $(head) {transformation: [-0.993f,0.118f,-0.0027f,0f,0.0952f,0.787f,-0.6096f,1.1951f,-0.0698f,-0.6056f,-0.7927f,-4.6668f,0f,0f,0f,1f],start_interpolation: 0,interpolation_duration: 1}
$data merge entity $(right_arm) {transformation: [-0.9802f,-0.0468f,0.1926f,-0.25f,-0.1371f,0.8618f,-0.4884f,-1022.8049f,-0.1432f,-0.5051f,-0.8511f,-4.6668f,0f,0f,0f,1f],start_interpolation: 0,interpolation_duration: 1}
$data merge entity $(left_arm) {transformation: [-0.9668f,0.0978f,-0.236f,0.25f,0.1827f,-0.3808f,-0.9064f,-2046.8049f,-0.1785f,-0.9195f,0.3503f,-4.6668f,0f,0f,0f,1f],start_interpolation: 0,interpolation_duration: 1}
$data merge entity $(torso) {transformation: [-1f,0f,0f,0f,0f,0.8314f,-0.5557f,-3070.8049f,0f,-0.5557f,-0.8314f,-4.6668f,0f,0f,0f,1f],start_interpolation: 0,interpolation_duration: 1}
$data merge entity $(right_leg) {transformation: [-0.9994f,-0.0293f,-0.0183f,-0.125f,-0.0077f,0.7056f,-0.7086f,-4095.3765f,0.0337f,-0.708f,-0.7054f,-4.2848f,0f,0f,0f,1f],start_interpolation: 0,interpolation_duration: 1}
$data merge entity $(left_leg) {transformation: [-0.9996f,0.0251f,0.0102f,0.125f,0.0181f,0.8991f,-0.4373f,-5119.3765f,-0.0202f,-0.437f,-0.8993f,-4.2848f,0f,0f,0f,1f],start_interpolation: 0,interpolation_duration: 1}
$data merge entity $(door) {transformation: [-2f,0f,0f,0f,0f,2f,0f,2.9815f,0f,0f,-2f,0f,0f,0f,0f,1f],start_interpolation: 0,interpolation_duration: 1}
data modify storage animated_java:temp entry.data merge value {"cameras":{"camera":{"px":7.761688327574867e-16,"py":3.31515228218899,"pz":-6.3378994931263914,"ry":0,"rx":18.76152414252833}},"locators":{}}
# Data Manager: Write
function animated_java:global/data_manager/write with storage animated_java:temp args