# This file was generated by Animated Java via MC-Build. It is not recommended to edit this file directly.
$data merge entity $(head) {transformation: [-0.9804f,0.1459f,0.1321f,0.0125f,0.1929f,0.8458f,0.4974f,0.4839f,-0.0391f,0.5132f,-0.8574f,-4.1717f,0f,0f,0f,1f],start_interpolation: 0,interpolation_duration: 1}
$data merge entity $(right_arm) {transformation: [-0.9121f,0.3799f,-0.1541f,-0.2391f,0.1428f,-0.058f,-0.9881f,-1023.5405f,-0.3843f,-0.9232f,-0.0014f,-4.2922f,0f,0f,0f,1f],start_interpolation: 0,interpolation_duration: 1}
$data merge entity $(left_arm) {transformation: [-0.9789f,-0.1551f,0.133f,0.2543f,-0.1698f,0.2553f,-0.9518f,-2047.4403f,0.1137f,-0.9543f,-0.2763f,-4.3644f,0f,0f,0f,1f],start_interpolation: 0,interpolation_duration: 1}
$data merge entity $(torso) {transformation: [-0.9979f,0.0167f,-0.0632f,0.0125f,-0.0619f,0.0704f,0.9956f,-3071.5161f,0.0211f,0.9974f,-0.0692f,-4.1717f,0f,0f,0f,1f],start_interpolation: 0,interpolation_duration: 1}
$data merge entity $(right_leg) {transformation: [-0.9405f,0.3143f,0.1287f,-0.125f,-0.0277f,-0.4487f,0.8932f,-4095.5689f,0.3385f,0.8366f,0.4308f,-4.9197f,0f,0f,0f,1f],start_interpolation: 0,interpolation_duration: 1}
$data merge entity $(left_leg) {transformation: [-0.9608f,-0.2771f,-0.0022f,0.125f,0.0685f,-0.2452f,0.967f,-5119.5126f,-0.2686f,0.929f,0.2546f,-4.9564f,0f,0f,0f,1f],start_interpolation: 0,interpolation_duration: 1}
$data merge entity $(door) {transformation: [-2f,0f,0f,0f,0f,2f,0f,2.3225f,0f,0f,-2f,0f,0f,0f,0f,1f],start_interpolation: 0,interpolation_duration: 1}
data modify storage animated_java:temp entry.data merge value {"cameras":{"camera":{"px":-0.7689444444444432,"py":1.3719999999999999,"pz":-7.669185185185185,"ry":4.294582375612322,"rx":2.46632092901725}},"locators":{}}
# Data Manager: Write
function animated_java:global/data_manager/write with storage animated_java:temp args