# This file was generated by Animated Java via MC-Build. It is not recommended to edit this file directly.
$data merge entity $(head) {transformation: [-0.9927f,0.1205f,-0.0025f,0f,0.096f,0.7776f,-0.6213f,1.181f,-0.073f,-0.6171f,-0.7835f,-4.6511f,0f,0f,0f,1f],start_interpolation: 0,interpolation_duration: 1}
$data merge entity $(right_arm) {transformation: [-0.9795f,-0.0411f,0.197f,-0.25f,-0.1365f,0.8552f,-0.5f,-1022.819f,-0.1479f,-0.5166f,-0.8433f,-4.6511f,0f,0f,0f,1f],start_interpolation: 0,interpolation_duration: 1}
$data merge entity $(left_arm) {transformation: [-0.9679f,0.0833f,-0.237f,0.25f,0.1827f,-0.4143f,-0.8916f,-2046.819f,-0.1725f,-0.9063f,0.3858f,-4.6511f,0f,0f,0f,1f],start_interpolation: 0,interpolation_duration: 1}
$data merge entity $(torso) {transformation: [-1f,0f,0f,0f,0f,0.8216f,-0.5701f,-3070.819f,0f,-0.5701f,-0.8216f,-4.6511f,0f,0f,0f,1f],start_interpolation: 0,interpolation_duration: 1}
$data merge entity $(right_leg) {transformation: [-0.9995f,-0.0258f,-0.016f,-0.125f,-0.0062f,0.6903f,-0.7235f,-4095.3838f,0.0297f,-0.7231f,-0.6901f,-4.2591f,0f,0f,0f,1f],start_interpolation: 0,interpolation_duration: 1}
$data merge entity $(left_leg) {transformation: [-0.9997f,0.0221f,0.009f,0.125f,0.0156f,0.8916f,-0.4525f,-5119.3838f,-0.018f,-0.4523f,-0.8917f,-4.2591f,0f,0f,0f,1f],start_interpolation: 0,interpolation_duration: 1}
$data merge entity $(door) {transformation: [-2f,0f,0f,0f,0f,2f,0f,2.9685f,0f,0f,-2f,0f,0f,0f,0f,1f],start_interpolation: 0,interpolation_duration: 1}
data modify storage animated_java:temp entry.data merge value {"cameras":{"camera":{"px":7.724552642763225e-16,"py":3.304358421271083,"pz":-6.307575905266203,"ry":0,"rx":18.969587583483214}},"locators":{}}
# Data Manager: Write
function animated_java:global/data_manager/write with storage animated_java:temp args