# This file was generated by Animated Java via MC-Build. It is not recommended to edit this file directly.
$data merge entity $(head) {transformation: [-0.9907f,0.1359f,0.0046f,0f,0.1082f,0.8086f,-0.5784f,1.181f,-0.0823f,-0.5725f,-0.8158f,-4.507f,0f,0f,0f,1f],start_interpolation: 0,interpolation_duration: 1}
$data merge entity $(right_arm) {transformation: [-0.9706f,0.0619f,0.2327f,-0.25f,-0.0564f,0.881f,-0.4697f,-1022.819f,-0.234f,-0.469f,-0.8516f,-4.507f,0f,0f,0f,1f],start_interpolation: 0,interpolation_duration: 1}
$data merge entity $(left_arm) {transformation: [-0.9813f,-0.102f,-0.163f,0.25f,0.1914f,-0.4352f,-0.8798f,-2046.819f,0.0188f,-0.8945f,0.4466f,-4.507f,0f,0f,0f,1f],start_interpolation: 0,interpolation_duration: 1}
$data merge entity $(torso) {transformation: [-1f,0f,0f,0f,0f,0.8216f,-0.5701f,-3070.819f,0f,-0.5701f,-0.8216f,-4.507f,0f,0f,0f,1f],start_interpolation: 0,interpolation_duration: 1}
$data merge entity $(right_leg) {transformation: [-0.999f,0.0393f,0.023f,-0.125f,0.0094f,0.6721f,-0.7404f,-4095.3838f,-0.0445f,-0.7395f,-0.6717f,-4.115f,0f,0f,0f,1f],start_interpolation: 0,interpolation_duration: 1}
$data merge entity $(left_leg) {transformation: [-0.9997f,0.0221f,0.009f,0.125f,0.0156f,0.8916f,-0.4525f,-5119.3838f,-0.018f,-0.4523f,-0.8917f,-4.115f,0f,0f,0f,1f],start_interpolation: 0,interpolation_duration: 1}
$data merge entity $(door) {transformation: [-2f,0f,0f,0f,0f,2f,0f,2.9685f,0f,0f,-2f,0f,0f,0f,0f,1f],start_interpolation: 0,interpolation_duration: 1}
data modify storage animated_java:temp entry.data merge value {"cameras":{"camera":{"px":7.471729004345996e-16,"py":3.1712827988338192,"pz":-6.101129737609329,"ry":0,"rx":21.38483965014577}},"locators":{}}
# Data Manager: Write
function animated_java:global/data_manager/write with storage animated_java:temp args