# This file was generated by Animated Java via MC-Build. It is not recommended to edit this file directly.
$data merge entity $(head) {transformation: [-0.9804f,0.1515f,0.1262f,0.0116f,0.1927f,0.8712f,0.4514f,0.3669f,-0.0415f,0.4669f,-0.8833f,-3.8571f,0f,0f,0f,1f],start_interpolation: 0,interpolation_duration: 1}
$data merge entity $(right_arm) {transformation: [-0.9125f,0.3715f,-0.1714f,-0.2398f,0.1319f,-0.1296f,-0.9828f,-1023.659f,-0.3873f,-0.9194f,0.0692f,-3.9776f,0f,0f,0f,1f],start_interpolation: 0,interpolation_duration: 1}
$data merge entity $(left_arm) {transformation: [-0.973f,-0.1836f,0.1397f,0.2534f,-0.1699f,0.1605f,-0.9723f,-2047.5617f,0.1561f,-0.9698f,-0.1874f,-4.0645f,0f,0f,0f,1f],start_interpolation: 0,interpolation_duration: 1}
$data merge entity $(torso) {transformation: [-0.9979f,0.0155f,-0.0635f,0.0116f,-0.062f,0.0824f,0.9947f,-3071.6331f,0.0207f,0.9965f,-0.0813f,-3.8571f,0f,0f,0f,1f],start_interpolation: 0,interpolation_duration: 1}
$data merge entity $(right_leg) {transformation: [-0.9454f,0.3077f,0.107f,-0.125f,-0.04f,-0.4356f,0.8992f,-4095.6949f,0.3233f,0.8459f,0.4242f,-4.6044f,0f,0f,0f,1f],start_interpolation: 0,interpolation_duration: 1}
$data merge entity $(left_leg) {transformation: [-0.9613f,-0.2756f,0.006f,0.125f,0.0697f,-0.222f,0.9726f,-5119.6374f,-0.2667f,0.9353f,0.2326f,-4.6409f,0f,0f,0f,1f],start_interpolation: 0,interpolation_duration: 1}
$data merge entity $(door) {transformation: [-2f,0f,0f,0f,0f,2f,0f,1.9792f,0f,0f,-2f,0f,0f,0f,0f,1f],start_interpolation: 0,interpolation_duration: 1}
data modify storage animated_java:temp entry.data merge value {"cameras":{"camera":{"px":-0.6479999999999992,"py":1.338,"pz":-7.5285,"ry":5.877537708649527,"rx":2.450678107987886}},"locators":{}}
# Data Manager: Write
function animated_java:global/data_manager/write with storage animated_java:temp args