# This file was generated by Animated Java via MC-Build. It is not recommended to edit this file directly.
$data merge entity $(head) {transformation: [-0.9924f,0.1229f,-0.0021f,0f,0.0965f,0.7687f,-0.6323f,1.1669f,-0.0761f,-0.6278f,-0.7747f,-4.637f,0f,0f,0f,1f],start_interpolation: 0,interpolation_duration: 1}
$data merge entity $(right_arm) {transformation: [-0.9789f,-0.0347f,0.2012f,-0.25f,-0.1352f,0.8488f,-0.5112f,-1022.8331f,-0.1531f,-0.5276f,-0.8356f,-4.637f,0f,0f,0f,1f],start_interpolation: 0,interpolation_duration: 1}
$data merge entity $(left_arm) {transformation: [-0.9693f,0.0681f,-0.2363f,0.25f,0.1827f,-0.4442f,-0.8771f,-2046.8331f,-0.1647f,-0.8933f,0.4181f,-4.637f,0f,0f,0f,1f],start_interpolation: 0,interpolation_duration: 1}
$data merge entity $(torso) {transformation: [-1f,0f,0f,0f,0f,0.8118f,-0.584f,-3070.8331f,0f,-0.584f,-0.8118f,-4.637f,0f,0f,0f,1f],start_interpolation: 0,interpolation_duration: 1}
$data merge entity $(right_leg) {transformation: [-0.9997f,-0.0218f,-0.0134f,-0.125f,-0.0048f,0.6751f,-0.7377f,-4095.3912f,0.0251f,-0.7374f,-0.675f,-4.2355f,0f,0f,0f,1f],start_interpolation: 0,interpolation_duration: 1}
$data merge entity $(left_leg) {transformation: [-0.9998f,0.0186f,0.0076f,0.125f,0.0129f,0.8838f,-0.4678f,-5119.3912f,-0.0154f,-0.4676f,-0.8838f,-4.2355f,0f,0f,0f,1f],start_interpolation: 0,interpolation_duration: 1}
$data merge entity $(door) {transformation: [-2f,0f,0f,0f,0f,2f,0f,2.9533f,0f,0f,-2f,0f,0f,0f,0f,1f],start_interpolation: 0,interpolation_duration: 1}
data modify storage animated_java:temp entry.data merge value {"cameras":{"camera":{"px":7.689799610444357e-16,"py":3.2935291861093994,"pz":-6.279197900813765,"ry":0,"rx":19.177242255398898}},"locators":{}}
# Data Manager: Write
function animated_java:global/data_manager/write with storage animated_java:temp args