# This file was generated by Animated Java via MC-Build. It is not recommended to edit this file directly.
$data merge entity $(head) {transformation: [-0.9905f,0.1376f,0.0078f,0f,0.1082f,0.8117f,-0.574f,1.1669f,-0.0853f,-0.5677f,-0.8188f,-4.527f,0f,0f,0f,1f],start_interpolation: 0,interpolation_duration: 1}
$data merge entity $(right_arm) {transformation: [-0.965f,0.1019f,0.2417f,-0.25f,-0.0265f,0.879f,-0.4761f,-1022.8331f,-0.261f,-0.4659f,-0.8455f,-4.527f,0f,0f,0f,1f],start_interpolation: 0,interpolation_duration: 1}
$data merge entity $(left_arm) {transformation: [-0.9775f,-0.1668f,-0.1292f,0.25f,0.1892f,-0.4218f,-0.8867f,-2046.8331f,0.0934f,-0.8912f,0.4438f,-4.527f,0f,0f,0f,1f],start_interpolation: 0,interpolation_duration: 1}
$data merge entity $(torso) {transformation: [-1f,0f,0f,0f,0f,0.8118f,-0.584f,-3070.8331f,0f,-0.584f,-0.8118f,-4.527f,0f,0f,0f,1f],start_interpolation: 0,interpolation_duration: 1}
$data merge entity $(right_leg) {transformation: [-0.9972f,0.0649f,0.0378f,-0.125f,0.0142f,0.6566f,-0.7541f,-4095.3912f,-0.0737f,-0.7515f,-0.6556f,-4.1255f,0f,0f,0f,1f],start_interpolation: 0,interpolation_duration: 1}
$data merge entity $(left_leg) {transformation: [-0.9998f,0.0186f,0.0076f,0.125f,0.0129f,0.8838f,-0.4678f,-5119.3912f,-0.0154f,-0.4676f,-0.8838f,-4.1255f,0f,0f,0f,1f],start_interpolation: 0,interpolation_duration: 1}
$data merge entity $(door) {transformation: [-2f,0f,0f,0f,0f,2f,0f,2.9533f,0f,0f,-2f,0f,0f,0f,0f,1f],start_interpolation: 0,interpolation_duration: 1}
data modify storage animated_java:temp entry.data merge value {"cameras":{"camera":{"px":7.439888299143128e-16,"py":3.12495444606414,"pz":-6.075129828717201,"ry":0,"rx":22.157889941690957}},"locators":{}}
# Data Manager: Write
function animated_java:global/data_manager/write with storage animated_java:temp args