# This file was generated by Animated Java via MC-Build. It is not recommended to edit this file directly.
$data merge entity $(head) {transformation: [-0.9803f,0.1559f,0.121f,0.0107f,0.1922f,0.894f,0.4049f,0.2873f,-0.0451f,0.4202f,-0.9063f,-3.5747f,0f,0f,0f,1f],start_interpolation: 0,interpolation_duration: 1}
$data merge entity $(right_arm) {transformation: [-0.9141f,0.3642f,-0.1785f,-0.2406f,0.1179f,-0.1824f,-0.9761f,-1023.7407f,-0.3881f,-0.9133f,0.1237f,-3.695f,0f,0f,0f,1f],start_interpolation: 0,interpolation_duration: 1}
$data merge entity $(left_arm) {transformation: [-0.9656f,-0.2132f,0.1489f,0.2526f,-0.1677f,0.073f,-0.9831f,-2047.6471f,0.1987f,-0.9743f,-0.1063f,-3.796f,0f,0f,0f,1f],start_interpolation: 0,interpolation_duration: 1}
$data merge entity $(torso) {transformation: [-0.9979f,0.0142f,-0.0638f,0.0107f,-0.0621f,0.0984f,0.9932f,-3071.7127f,0.0204f,0.995f,-0.0973f,-3.5747f,0f,0f,0f,1f],start_interpolation: 0,interpolation_duration: 1}
$data merge entity $(right_leg) {transformation: [-0.9508f,0.2989f,0.082f,-0.125f,-0.051f,-0.4121f,0.9097f,-4095.7866f,0.3057f,0.8607f,0.407f,-4.321f,0f,0f,0f,1f],start_interpolation: 0,interpolation_duration: 1}
$data merge entity $(left_leg) {transformation: [-0.9621f,-0.2725f,0.0143f,0.125f,0.0699f,-0.1954f,0.9782f,-5119.7281f,-0.2638f,0.9421f,0.207f,-4.3574f,0f,0f,0f,1f],start_interpolation: 0,interpolation_duration: 1}
$data merge entity $(door) {transformation: [-2f,0f,0f,0f,0f,2f,0f,1.6011f,0f,0f,-2f,0f,0f,0f,0f,1f],start_interpolation: 0,interpolation_duration: 1}
data modify storage animated_java:temp entry.data merge value {"cameras":{"camera":{"px":-0.5254444444444437,"py":1.3040555555555555,"pz":-7.350981481481481,"ry":7.118350515661774,"rx":2.4369571082618657}},"locators":{}}
# Data Manager: Write
function animated_java:global/data_manager/write with storage animated_java:temp args