# This file was generated by Animated Java via MC-Build. It is not recommended to edit this file directly.
$data merge entity $(head) {transformation: [-1f,0.0077f,0.0003f,0f,0.0077f,0.9991f,-0.041f,1.4365f,-0.0006f,-0.041f,-0.9992f,-5.5048f,0f,0f,0f,1f],start_interpolation: 0,interpolation_duration: 1}
$data merge entity $(right_arm) {transformation: [-0.9999f,-0.0029f,0.0127f,-0.25f,-0.0033f,0.9995f,-0.0327f,-1022.5635f,-0.0126f,-0.0327f,-0.9994f,-5.5048f,0f,0f,0f,1f],start_interpolation: 0,interpolation_duration: 1}
$data merge entity $(left_arm) {transformation: [-0.9998f,0.0174f,0.0023f,0.25f,0.017f,0.992f,-0.1248f,-2046.5635f,-0.0045f,-0.1247f,-0.9922f,-5.5048f,0f,0f,0f,1f],start_interpolation: 0,interpolation_duration: 1}
$data merge entity $(torso) {transformation: [-1f,0f,0f,0f,0f,0.9993f,-0.0364f,-3070.5635f,0f,-0.0364f,-0.9993f,-5.5048f,0f,0f,0f,1f],start_interpolation: 0,interpolation_duration: 1}
$data merge entity $(right_leg) {transformation: [-1f,-0.0019f,-0.0018f,-0.125f,-0.0018f,0.9988f,-0.0492f,-4095.2505f,0.0019f,-0.0492f,-0.9988f,-5.4798f,0f,0f,0f,1f],start_interpolation: 0,interpolation_duration: 1}
$data merge entity $(left_leg) {transformation: [-1f,0.002f,0.0005f,0.125f,0.002f,0.9996f,-0.0273f,-5119.2505f,-0.0006f,-0.0273f,-0.9996f,-5.4798f,0f,0f,0f,1f],start_interpolation: 0,interpolation_duration: 1}
$data merge entity $(door) {transformation: [-2f,0f,0f,0f,0f,2f,0f,2.8226f,0f,0f,-2f,0f,0f,0f,0f,1f],start_interpolation: 0,interpolation_duration: 1}
data modify storage animated_java:temp entry.data merge value {"cameras":{"camera":{"px":9.378715152671879e-16,"py":3.6051998566163985,"pz":-7.658302099186235,"ry":0,"rx":12.900908096142475}},"locators":{}}
# Data Manager: Write
function animated_java:global/data_manager/write with storage animated_java:temp args