# This file was generated by Animated Java via MC-Build. It is not recommended to edit this file directly.
$data merge entity $(head) {transformation: [-0.9952f,-0.0038f,0.098f,0f,0.0091f,0.9914f,0.1308f,1.4025f,-0.0976f,0.1311f,-0.9866f,-12.7487f,0f,0f,0f,1f],start_interpolation: 0,interpolation_duration: 1}
$data merge entity $(right_arm) {transformation: [-0.9698f,0.1426f,-0.1981f,-0.2502f,0.0271f,0.8694f,0.4934f,-1022.6082f,0.2426f,0.4731f,-0.8469f,-12.7609f,0f,0f,0f,1f],start_interpolation: 0,interpolation_duration: 1}
$data merge entity $(left_arm) {transformation: [-0.9817f,-0.1182f,0.1491f,0.2492f,-0.1537f,0.9546f,-0.2553f,-2046.6318f,-0.1122f,-0.2735f,-0.9553f,-12.8016f,0f,0f,0f,1f],start_interpolation: 0,interpolation_duration: 1}
$data merge entity $(torso) {transformation: [-0.9998f,0.0001f,-0.0218f,0f,-0.0065f,0.9533f,0.302f,-3070.5975f,0.0208f,0.3021f,-0.9531f,-12.7487f,0f,0f,0f,1f],start_interpolation: 0,interpolation_duration: 1}
$data merge entity $(right_leg) {transformation: [-0.9848f,0.0482f,0.1668f,-0.125f,0.0522f,0.9984f,0.0199f,-4095.2986f,-0.1656f,0.0283f,-0.9858f,-12.9405f,0f,0f,0f,1f],start_interpolation: 0,interpolation_duration: 1}
$data merge entity $(left_leg) {transformation: [-0.9996f,0.0173f,-0.0219f,0.125f,-0.0043f,0.6777f,0.7353f,-5119.3125f,0.0276f,0.7351f,-0.6773f,-12.9474f,0f,0f,0f,1f],start_interpolation: 0,interpolation_duration: 1}
$data merge entity $(door) {transformation: [-2f,0f,0f,0f,0f,2f,0f,2.8288f,0f,0f,-2f,0f,0f,0f,0f,1f],start_interpolation: 0,interpolation_duration: 1}
data modify storage animated_java:temp entry.data merge value {"cameras":{"camera":{"px":0.15432098765432176,"py":2.667352537722908,"pz":-6.038923182441701,"ry":177.64641661878963,"rx":10.985167937446745}},"locators":{}}
# Data Manager: Write
function animated_java:global/data_manager/write with storage animated_java:temp args