# This file was generated by Animated Java via MC-Build. It is not recommended to edit this file directly.
$data merge entity $(head) {transformation: [-1f,0.0095f,0.0004f,0f,0.0095f,0.9991f,-0.0424f,1.4365f,-0.0008f,-0.0424f,-0.9991f,-5.4785f,0f,0f,0f,1f],start_interpolation: 0,interpolation_duration: 1}
$data merge entity $(right_arm) {transformation: [-0.9999f,-0.0042f,0.0158f,-0.25f,-0.0048f,0.9995f,-0.032f,-1022.5635f,-0.0156f,-0.0321f,-0.9994f,-5.4785f,0f,0f,0f,1f],start_interpolation: 0,interpolation_duration: 1}
$data merge entity $(left_arm) {transformation: [-0.9997f,0.0224f,0.0032f,0.25f,0.0217f,0.989f,-0.1464f,-2046.5635f,-0.0064f,-0.1463f,-0.9892f,-5.4785f,0f,0f,0f,1f],start_interpolation: 0,interpolation_duration: 1}
$data merge entity $(torso) {transformation: [-1f,0f,0f,0f,0f,0.9993f,-0.0364f,-3070.5635f,0f,-0.0364f,-0.9993f,-5.4785f,0f,0f,0f,1f],start_interpolation: 0,interpolation_duration: 1}
$data merge entity $(right_leg) {transformation: [-1f,-0.0027f,-0.0025f,-0.125f,-0.0026f,0.9986f,-0.0523f,-4095.2505f,0.0026f,-0.0523f,-0.9986f,-5.4535f,0f,0f,0f,1f],start_interpolation: 0,interpolation_duration: 1}
$data merge entity $(left_leg) {transformation: [-1f,0.002f,0.0005f,0.125f,0.002f,0.9996f,-0.0273f,-5119.2505f,-0.0006f,-0.0273f,-0.9996f,-5.4535f,0f,0f,0f,1f],start_interpolation: 0,interpolation_duration: 1}
$data merge entity $(door) {transformation: [-2f,0f,0f,0f,0f,2f,0f,2.8226f,0f,0f,-2f,0f,0f,0f,0f,1f],start_interpolation: 0,interpolation_duration: 1}
data modify storage animated_java:temp entry.data merge value {"cameras":{"camera":{"px":9.351896008818065e-16,"py":3.60082304526749,"pz":-7.636402606310014,"ry":0,"rx":12.990397805212623}},"locators":{}}
# Data Manager: Write
function animated_java:global/data_manager/write with storage animated_java:temp args