# This file was generated by Animated Java via MC-Build. It is not recommended to edit this file directly.
$data merge entity $(head) {transformation: [-0.9803f,0.1589f,0.1172f,0.0096f,0.1911f,0.9133f,0.3598f,0.2239f,-0.0498f,0.3751f,-0.9256f,-3.3195f,0f,0f,0f,1f],start_interpolation: 0,interpolation_duration: 1}
$data merge entity $(right_arm) {transformation: [-0.9164f,0.3589f,-0.177f,-0.2415f,0.1028f,-0.2165f,-0.9709f,-1023.8065f,-0.3868f,-0.9079f,0.1615f,-3.4393f,0f,0f,0f,1f],start_interpolation: 0,interpolation_duration: 1}
$data merge entity $(left_arm) {transformation: [-0.9569f,-0.2432f,0.1587f,0.2517f,-0.1632f,-0.0018f,-0.9866f,-2047.7176f,0.2402f,-0.97f,-0.038f,-3.5533f,0f,0f,0f,1f],start_interpolation: 0,interpolation_duration: 1}
$data merge entity $(torso) {transformation: [-0.9979f,0.0128f,-0.0641f,0.0096f,-0.0622f,0.1181f,0.9911f,-3071.7761f,0.0202f,0.9929f,-0.117f,-3.3195f,0f,0f,0f,1f],start_interpolation: 0,interpolation_duration: 1}
$data merge entity $(right_leg) {transformation: [-0.956f,0.2882f,0.0557f,-0.125f,-0.0607f,-0.3799f,0.923f,-4095.8646f,0.2871f,0.879f,0.3807f,-4.0642f,0f,0f,0f,1f],start_interpolation: 0,interpolation_duration: 1}
$data merge entity $(left_leg) {transformation: [-0.9631f,-0.2684f,0.0223f,0.125f,0.0693f,-0.167f,0.9835f,-5119.8056f,-0.2602f,0.9487f,0.1795f,-4.1007f,0f,0f,0f,1f],start_interpolation: 0,interpolation_duration: 1}
$data merge entity $(door) {transformation: [-2f,0f,0f,0f,0f,2f,0f,1.2114f,0f,0f,-2f,0f,0f,0f,0f,1f],start_interpolation: 0,interpolation_duration: 1}
data modify storage animated_java:temp entry.data merge value {"cameras":{"camera":{"px":-0.402777777777777,"py":1.2708333333333335,"pz":-7.143518518518519,"ry":8.042582194732262,"rx":2.425650764519083}},"locators":{}}
# Data Manager: Write
function animated_java:global/data_manager/write with storage animated_java:temp args