# This file was generated by Animated Java via MC-Build. It is not recommended to edit this file directly.
$data merge entity $(head) {transformation: [-0.9921f,0.1251f,-0.0017f,0f,0.097f,0.7601f,-0.6425f,1.1528f,-0.079f,-0.6376f,-0.7663f,-4.6248f,0f,0f,0f,1f],start_interpolation: 0,interpolation_duration: 1}
$data merge entity $(right_arm) {transformation: [-0.9783f,-0.0274f,0.2053f,-0.25f,-0.1331f,0.8425f,-0.522f,-1022.8472f,-0.1587f,-0.538f,-0.8279f,-4.6248f,0f,0f,0f,1f],start_interpolation: 0,interpolation_duration: 1}
$data merge entity $(left_arm) {transformation: [-0.9709f,0.0522f,-0.2339f,0.25f,0.1827f,-0.4707f,-0.8632f,-2046.8472f,-0.1551f,-0.8808f,0.4474f,-4.6248f,0f,0f,0f,1f],start_interpolation: 0,interpolation_duration: 1}
$data merge entity $(torso) {transformation: [-1f,0f,0f,0f,0f,0.8019f,-0.5974f,-3070.8472f,0f,-0.5974f,-0.8019f,-4.6248f,0f,0f,0f,1f],start_interpolation: 0,interpolation_duration: 1}
$data merge entity $(right_leg) {transformation: [-0.9998f,-0.0172f,-0.0105f,-0.125f,-0.0035f,0.6601f,-0.7512f,-4095.3986f,0.0199f,-0.751f,-0.66f,-4.214f,0f,0f,0f,1f],start_interpolation: 0,interpolation_duration: 1}
$data merge entity $(left_leg) {transformation: [-0.9999f,0.0147f,0.006f,0.125f,0.01f,0.8755f,-0.483f,-5119.3986f,-0.0123f,-0.4829f,-0.8756f,-4.214f,0f,0f,0f,1f],start_interpolation: 0,interpolation_duration: 1}
$data merge entity $(door) {transformation: [-2f,0f,0f,0f,0f,2f,0f,2.936f,0f,0f,-2f,0f,0f,0f,0f,1f],start_interpolation: 0,interpolation_duration: 1}
data modify storage animated_java:temp entry.data merge value {"cameras":{"camera":{"px":7.657573633799644e-16,"py":3.2826716515526932,"pz":-6.252883393915001,"ry":0,"rx":19.38429949564189}},"locators":{}}
# Data Manager: Write
function animated_java:global/data_manager/write with storage animated_java:temp args