# This file was generated by Animated Java via MC-Build. It is not recommended to edit this file directly.
$data merge entity $(head) {transformation: [-0.9903f,0.1386f,0.0114f,0f,0.1078f,0.8168f,-0.5667f,1.1528f,-0.0879f,-0.56f,-0.8238f,-4.5463f,0f,0f,0f,1f],start_interpolation: 0,interpolation_duration: 1}
$data merge entity $(right_arm) {transformation: [-0.9566f,0.1466f,0.2519f,-0.25f,0.0073f,0.8761f,-0.4821f,-1022.8472f,-0.2914f,-0.4593f,-0.8391f,-4.5463f,0f,0f,0f,1f],start_interpolation: 0,interpolation_duration: 1}
$data merge entity $(left_arm) {transformation: [-0.9659f,-0.2406f,-0.0954f,0.25f,0.1882f,-0.3997f,-0.8971f,-2046.8472f,0.1777f,-0.8845f,0.4313f,-4.5463f,0f,0f,0f,1f],start_interpolation: 0,interpolation_duration: 1}
$data merge entity $(torso) {transformation: [-1f,0f,0f,0f,0f,0.8019f,-0.5974f,-3070.8472f,0f,-0.5974f,-0.8019f,-4.5463f,0f,0f,0f,1f],start_interpolation: 0,interpolation_duration: 1}
$data merge entity $(right_leg) {transformation: [-0.9941f,0.0938f,0.0543f,-0.125f,0.0186f,0.6412f,-0.7672f,-4095.3986f,-0.1067f,-0.7616f,-0.6392f,-4.1356f,0f,0f,0f,1f],start_interpolation: 0,interpolation_duration: 1}
$data merge entity $(left_leg) {transformation: [-0.9999f,0.0147f,0.006f,0.125f,0.01f,0.8755f,-0.483f,-5119.3986f,-0.0123f,-0.4829f,-0.8756f,-4.1356f,0f,0f,0f,1f],start_interpolation: 0,interpolation_duration: 1}
$data merge entity $(door) {transformation: [-2f,0f,0f,0f,0f,2f,0f,2.936f,0f,0f,-2f,0f,0f,0f,0f,1f],start_interpolation: 0,interpolation_duration: 1}
data modify storage animated_java:temp entry.data merge value {"cameras":{"camera":{"px":7.42018137121862e-16,"py":3.075619533527697,"pz":-6.059037900874635,"ry":0,"rx":22.966472303206995}},"locators":{}}
# Data Manager: Write
function animated_java:global/data_manager/write with storage animated_java:temp args