# This file was generated by Animated Java via MC-Build. It is not recommended to edit this file directly.
$data merge entity $(head) {transformation: [-0.9803f,0.1603f,0.1151f,0.0084f,0.1893f,0.9288f,0.3184f,0.1924f,-0.0558f,0.334f,-0.9409f,-3.105f,0f,0f,0f,1f],start_interpolation: 0,interpolation_duration: 1}
$data merge entity $(right_arm) {transformation: [-0.9192f,0.3559f,-0.1687f,-0.2425f,0.088f,-0.2319f,-0.9687f,-1023.8408f,-0.3839f,-0.9053f,0.1818f,-3.2241f,0f,0f,0f,1f],start_interpolation: 0,interpolation_duration: 1}
$data merge entity $(left_arm) {transformation: [-0.9474f,-0.2732f,0.1671f,0.2509f,-0.1568f,-0.0591f,-0.9859f,-2047.7575f,0.2792f,-0.9602f,0.0131f,-3.3496f,0f,0f,0f,1f],start_interpolation: 0,interpolation_duration: 1}
$data merge entity $(torso) {transformation: [-0.9979f,0.0112f,-0.0644f,0.0084f,-0.0622f,0.141f,0.9881f,-3071.8076f,0.0201f,0.99f,-0.14f,-3.105f,0f,0f,0f,1f],start_interpolation: 0,interpolation_duration: 1}
$data merge entity $(right_leg) {transformation: [-0.9607f,0.2762f,0.0295f,-0.125f,-0.0692f,-0.3409f,0.9375f,-4095.9133f,0.269f,0.8986f,0.3466f,-3.8475f,0f,0f,0f,1f],start_interpolation: 0,interpolation_duration: 1}
$data merge entity $(left_leg) {transformation: [-0.9641f,-0.2639f,0.0296f,0.125f,0.0683f,-0.1386f,0.988f,-5119.8538f,-0.2566f,0.9545f,0.1517f,-3.8842f,0f,0f,0f,1f],start_interpolation: 0,interpolation_duration: 1}
$data merge entity $(door) {transformation: [-2f,0f,0f,0f,0f,2f,0f,0.8333f,0f,0f,-2f,0f,0f,0f,0f,1f],start_interpolation: 0,interpolation_duration: 1}
data modify storage animated_java:temp entry.data merge value {"cameras":{"camera":{"px":-0.2814999999999997,"py":1.239,"pz":-6.913000000000001,"ry":8.675792436970227,"rx":2.4170258044953017}},"locators":{}}
# Data Manager: Write
function animated_java:global/data_manager/write with storage animated_java:temp args