# This file was generated by Animated Java via MC-Build. It is not recommended to edit this file directly.
$data merge entity $(head) {transformation: [-0.9919f,0.1271f,-0.0013f,0f,0.0972f,0.7521f,-0.6519f,1.1386f,-0.0819f,-0.6467f,-0.7583f,-4.6145f,0f,0f,0f,1f],start_interpolation: 0,interpolation_duration: 1}
$data merge entity $(right_arm) {transformation: [-0.9777f,-0.0192f,0.2092f,-0.25f,-0.1303f,0.8364f,-0.5324f,-1022.8614f,-0.1647f,-0.5477f,-0.8203f,-4.6145f,0f,0f,0f,1f],start_interpolation: 0,interpolation_duration: 1}
$data merge entity $(left_arm) {transformation: [-0.9726f,0.0355f,-0.2298f,0.25f,0.1828f,-0.4936f,-0.8503f,-2046.8614f,-0.1436f,-0.869f,0.4735f,-4.6145f,0f,0f,0f,1f],start_interpolation: 0,interpolation_duration: 1}
$data merge entity $(torso) {transformation: [-1f,0f,0f,0f,0f,0.7921f,-0.6104f,-3070.8614f,0f,-0.6104f,-0.7921f,-4.6145f,0f,0f,0f,1f],start_interpolation: 0,interpolation_duration: 1}
$data merge entity $(right_leg) {transformation: [-0.9999f,-0.0121f,-0.0073f,-0.125f,-0.0022f,0.6453f,-0.7639f,-4095.406f,0.014f,-0.7638f,-0.6453f,-4.1948f,0f,0f,0f,1f],start_interpolation: 0,interpolation_duration: 1}
$data merge entity $(left_leg) {transformation: [-0.9999f,0.0103f,0.0042f,0.125f,0.0068f,0.867f,-0.4983f,-5119.406f,-0.0087f,-0.4982f,-0.867f,-4.1948f,0f,0f,0f,1f],start_interpolation: 0,interpolation_duration: 1}
$data merge entity $(door) {transformation: [-2f,0f,0f,0f,0f,2f,0f,2.9163f,0f,0f,-2f,0f,0f,0f,0f,1f],start_interpolation: 0,interpolation_duration: 1}
data modify storage animated_java:temp entry.data merge value {"cameras":{"camera":{"px":7.628019116010469e-16,"py":3.2717928924497217,"pz":-6.228750298715836,"ry":0,"rx":19.59057064157873}},"locators":{}}
# Data Manager: Write
function animated_java:global/data_manager/write with storage animated_java:temp args