# This file was generated by Animated Java via MC-Build. It is not recommended to edit this file directly.
$data merge entity $(head) {transformation: [-0.9902f,0.1389f,0.0154f,0f,0.1069f,0.8237f,-0.5569f,1.1386f,-0.0901f,-0.5498f,-0.8304f,-4.565f,0f,0f,0f,1f],start_interpolation: 0,interpolation_duration: 1}
$data merge entity $(right_arm) {transformation: [-0.9448f,0.1949f,0.2635f,-0.25f,0.0439f,0.8719f,-0.4877f,-1022.8614f,-0.3248f,-0.4492f,-0.8323f,-4.565f,0f,0f,0f,1f],start_interpolation: 0,interpolation_duration: 1}
$data merge entity $(left_arm) {transformation: [-0.9444f,-0.3223f,-0.0655f,0.25f,0.1896f,-0.3709f,-0.9091f,-2046.8614f,0.2687f,-0.871f,0.4114f,-4.565f,0f,0f,0f,1f],start_interpolation: 0,interpolation_duration: 1}
$data merge entity $(torso) {transformation: [-1f,0f,0f,0f,0f,0.7921f,-0.6104f,-3070.8614f,0f,-0.6104f,-0.7921f,-4.565f,0f,0f,0f,1f],start_interpolation: 0,interpolation_duration: 1}
$data merge entity $(right_leg) {transformation: [-0.9895f,0.1253f,0.0723f,-0.125f,0.0223f,0.6258f,-0.7796f,-4095.406f,-0.1429f,-0.7698f,-0.622f,-4.1453f,0f,0f,0f,1f],start_interpolation: 0,interpolation_duration: 1}
$data merge entity $(left_leg) {transformation: [-0.9999f,0.0103f,0.0042f,0.125f,0.0068f,0.867f,-0.4983f,-5119.406f,-0.0087f,-0.4982f,-0.867f,-4.1453f,0f,0f,0f,1f],start_interpolation: 0,interpolation_duration: 1}
$data merge entity $(door) {transformation: [-2f,0f,0f,0f,0f,2f,0f,2.9163f,0f,0f,-2f,0f,0f,0f,0f,1f],start_interpolation: 0,interpolation_duration: 1}
data modify storage animated_java:temp entry.data merge value {"cameras":{"camera":{"px":7.411185639788112e-16,"py":3.0245080174927117,"pz":-6.051692328717201,"ry":0,"rx":23.796920553935863}},"locators":{}}
# Data Manager: Write
function animated_java:global/data_manager/write with storage animated_java:temp args