# This file was generated by Animated Java via MC-Build. It is not recommended to edit this file directly.
$data merge entity $(head) {transformation: [-0.9917f,0.1289f,-0.0007f,0f,0.0972f,0.7446f,-0.6604f,1.1245f,-0.0846f,-0.655f,-0.7509f,-4.6063f,0f,0f,0f,1f],start_interpolation: 0,interpolation_duration: 1}
$data merge entity $(right_arm) {transformation: [-0.977f,-0.0101f,0.2129f,-0.25f,-0.1267f,0.8306f,-0.5423f,-1022.8755f,-0.1714f,-0.5568f,-0.8128f,-4.6063f,0f,0f,0f,1f],start_interpolation: 0,interpolation_duration: 1}
$data merge entity $(left_arm) {transformation: [-0.9744f,0.0182f,-0.2239f,0.25f,0.1832f,-0.5129f,-0.8387f,-2046.8755f,-0.1301f,-0.8582f,0.4965f,-4.6063f,0f,0f,0f,1f],start_interpolation: 0,interpolation_duration: 1}
$data merge entity $(torso) {transformation: [-1f,0f,0f,0f,0f,0.7822f,-0.623f,-3070.8755f,0f,-0.623f,-0.7822f,-4.6063f,0f,0f,0f,1f],start_interpolation: 0,interpolation_duration: 1}
$data merge entity $(right_leg) {transformation: [-1f,-0.0064f,-0.0038f,-0.125f,-0.001f,0.6309f,-0.7759f,-4095.4133f,0.0073f,-0.7759f,-0.6308f,-4.178f,0f,0f,0f,1f],start_interpolation: 0,interpolation_duration: 1}
$data merge entity $(left_leg) {transformation: [-1f,0.0054f,0.0022f,0.125f,0.0035f,0.8581f,-0.5135f,-5119.4133f,-0.0046f,-0.5135f,-0.8581f,-4.178f,0f,0f,0f,1f],start_interpolation: 0,interpolation_duration: 1}
$data merge entity $(door) {transformation: [-2f,0f,0f,0f,0f,2f,0f,2.8942f,0f,0f,-2f,0f,0f,0f,0f,1f],start_interpolation: 0,interpolation_duration: 1}
data modify storage animated_java:temp entry.data merge value {"cameras":{"camera":{"px":7.601280460258211e-16,"py":3.2608999836492383,"pz":-6.206916529362195,"ry":0,"rx":19.795867030575927}},"locators":{}}
# Data Manager: Write
function animated_java:global/data_manager/write with storage animated_java:temp args