# This file was generated by Animated Java via MC-Build. It is not recommended to edit this file directly.
$data merge entity $(head) {transformation: [-0.9804f,0.1598f,0.1151f,0.0071f,0.1866f,0.9407f,0.2832f,0.1834f,-0.063f,0.2991f,-0.9521f,-2.9166f,0f,0f,0f,1f],start_interpolation: 0,interpolation_duration: 1}
$data merge entity $(right_arm) {transformation: [-0.922f,0.3547f,-0.1552f,-0.2435f,0.0754f,-0.2286f,-0.9706f,-1023.853f,-0.3798f,-0.9066f,0.184f,-3.0347f,0f,0f,0f,1f],start_interpolation: 0,interpolation_duration: 1}
$data merge entity $(left_arm) {transformation: [-0.9375f,-0.303f,0.171f,0.25f,-0.1491f,-0.0944f,-0.9843f,-2047.7759f,0.3144f,-0.9483f,0.0433f,-3.17f,0f,0f,0f,1f],start_interpolation: 0,interpolation_duration: 1}
$data merge entity $(torso) {transformation: [-0.9979f,0.0095f,-0.0647f,0.0071f,-0.0622f,0.1667f,0.984f,-3071.8166f,0.0202f,0.986f,-0.1658f,-2.9166f,0f,0f,0f,1f],start_interpolation: 0,interpolation_duration: 1}
$data merge entity $(right_leg) {transformation: [-0.9645f,0.264f,0.005f,-0.125f,-0.0764f,-0.2971f,0.9518f,-4095.9417f,0.2528f,0.9176f,0.3067f,-3.6561f,0f,0f,0f,1f],start_interpolation: 0,interpolation_duration: 1}
$data merge entity $(left_leg) {transformation: [-0.965f,-0.2597f,0.0359f,0.125f,0.067f,-0.1119f,0.9915f,-5119.882f,-0.2535f,0.9592f,0.1254f,-3.6931f,0f,0f,0f,1f],start_interpolation: 0,interpolation_duration: 1}
$data merge entity $(door) {transformation: [-2f,0f,0f,0f,0f,2f,0f,0.49f,0f,0f,-2f,0f,0f,0f,0f,1f],start_interpolation: 0,interpolation_duration: 1}
data modify storage animated_java:temp entry.data merge value {"cameras":{"camera":{"px":-0.16311111111111007,"py":1.2092222222222222,"pz":-6.666314814814815,"ry":9.043538577477392,"rx":2.411164595694057}},"locators":{}}
# Data Manager: Write
function animated_java:global/data_manager/write with storage animated_java:temp args