# This file was generated by Animated Java via MC-Build. It is not recommended to edit this file directly.
$data merge entity $(head) {transformation: [-0.9901f,0.1387f,0.0197f,0f,0.1057f,0.8319f,-0.5448f,1.1245f,-0.092f,-0.5373f,-0.8383f,-4.583f,0f,0f,0f,1f],start_interpolation: 0,interpolation_duration: 1}
$data merge entity $(right_arm) {transformation: [-0.929f,0.2458f,0.2766f,-0.25f,0.0823f,0.8661f,-0.4931f,-1022.8755f,-0.3607f,-0.4353f,-0.8248f,-4.583f,0f,0f,0f,1f],start_interpolation: 0,interpolation_duration: 1}
$data merge entity $(left_arm) {transformation: [-0.9112f,-0.4097f,-0.0427f,0.25f,0.1948f,-0.3371f,-0.9211f,-2046.8755f,0.363f,-0.8476f,0.387f,-4.583f,0f,0f,0f,1f],start_interpolation: 0,interpolation_duration: 1}
$data merge entity $(torso) {transformation: [-1f,0f,0f,0f,0f,0.7822f,-0.623f,-3070.8755f,0f,-0.623f,-0.7822f,-4.583f,0f,0f,0f,1f],start_interpolation: 0,interpolation_duration: 1}
$data merge entity $(right_leg) {transformation: [-0.9831f,0.1589f,0.0913f,-0.125f,0.0251f,0.6104f,-0.7917f,-4095.4133f,-0.1815f,-0.776f,-0.604f,-4.1547f,0f,0f,0f,1f],start_interpolation: 0,interpolation_duration: 1}
$data merge entity $(left_leg) {transformation: [-1f,0.0054f,0.0022f,0.125f,0.0035f,0.8581f,-0.5135f,-5119.4133f,-0.0046f,-0.5135f,-0.8581f,-4.1547f,0f,0f,0f,1f],start_interpolation: 0,interpolation_duration: 1}
$data merge entity $(door) {transformation: [-2f,0f,0f,0f,0f,2f,0f,2.8942f,0f,0f,-2f,0f,0f,0f,0f,1f],start_interpolation: 0,interpolation_duration: 1}
data modify storage animated_java:temp entry.data merge value {"cameras":{"camera":{"px":7.411478524067245e-16,"py":2.9728498542274053,"pz":-6.051931486880466,"ry":0,"rx":24.635568513119534}},"locators":{}}
# Data Manager: Write
function animated_java:global/data_manager/write with storage animated_java:temp args