# This file was generated by Animated Java via MC-Build. It is not recommended to edit this file directly.
$data merge entity $(head) {transformation: [-0.9805f,0.1571f,0.1178f,0.0058f,0.1828f,0.9492f,0.2562f,0.1874f,-0.0715f,0.2728f,-0.9594f,-2.7398f,0f,0f,0f,1f],start_interpolation: 0,interpolation_duration: 1}
$data merge entity $(right_arm) {transformation: [-0.9245f,0.3553f,-0.1383f,-0.2446f,0.0667f,-0.2064f,-0.9762f,-1023.8523f,-0.3754f,-0.9117f,0.1671f,-2.8567f,0f,0f,0f,1f],start_interpolation: 0,interpolation_duration: 1}
$data merge entity $(left_arm) {transformation: [-0.9281f,-0.3324f,0.1676f,0.2492f,-0.1407f,-0.1035f,-0.9846f,-2047.782f,0.3446f,-0.9374f,0.0493f,-2.9993f,0f,0f,0f,1f],start_interpolation: 0,interpolation_duration: 1}
$data merge entity $(torso) {transformation: [-0.9979f,0.0078f,-0.0649f,0.0058f,-0.0622f,0.1949f,0.9788f,-3071.8126f,0.0203f,0.9808f,-0.194f,-2.7398f,0f,0f,0f,1f],start_interpolation: 0,interpolation_duration: 1}
$data merge entity $(right_leg) {transformation: [-0.9673f,0.2531f,-0.0168f,-0.125f,-0.0823f,-0.2504f,0.9646f,-4095.9588f,0.24f,0.9345f,0.263f,-3.4754f,0f,0f,0f,1f],start_interpolation: 0,interpolation_duration: 1}
$data merge entity $(left_leg) {transformation: [-0.9657f,-0.2565f,0.041f,0.125f,0.0657f,-0.0886f,0.9939f,-5119.8991f,-0.2513f,0.9625f,0.1024f,-3.5128f,0f,0f,0f,1f],start_interpolation: 0,interpolation_duration: 1}
$data merge entity $(door) {transformation: [-2f,0f,0f,0f,0f,2f,0f,0.2045f,0f,0f,-2f,0f,0f,0f,0f,1f],start_interpolation: 0,interpolation_duration: 1}
data modify storage animated_java:temp entry.data merge value {"cameras":{"camera":{"px":-0.04911111111111054,"py":1.1821666666666668,"pz":-6.4103518518518525,"ry":9.171375504157254,"rx":2.408002963975714}},"locators":{}}
# Data Manager: Write
function animated_java:global/data_manager/write with storage animated_java:temp args