# This file was generated by Animated Java via MC-Build. It is not recommended to edit this file directly.
$data merge entity $(head) {transformation: [-0.9914f,0.1305f,0f,0f,0.0971f,0.7377f,-0.6681f,1.1105f,-0.0872f,-0.6624f,-0.7441f,-4.6003f,0f,0f,0f,1f],start_interpolation: 0,interpolation_duration: 1}
$data merge entity $(right_arm) {transformation: [-0.9763f,0f,0.2164f,-0.25f,-0.1223f,0.8249f,-0.5519f,-1022.8895f,-0.1785f,-0.5653f,-0.8054f,-4.6003f,0f,0f,0f,1f],start_interpolation: 0,interpolation_duration: 1}
$data merge entity $(left_arm) {transformation: [-0.9763f,0f,-0.2164f,0.25f,0.1837f,-0.5287f,-0.8287f,-2046.8895f,-0.1144f,-0.8488f,0.5162f,-4.6003f,0f,0f,0f,1f],start_interpolation: 0,interpolation_duration: 1}
$data merge entity $(torso) {transformation: [-1f,0f,0f,0f,0f,0.7725f,-0.635f,-3070.8895f,0f,-0.635f,-0.7725f,-4.6003f,0f,0f,0f,1f],start_interpolation: 0,interpolation_duration: 1}
$data merge entity $(right_leg) {transformation: [-1f,0f,0f,-0.125f,0f,0.6168f,-0.7871f,-4095.4206f,0f,-0.7871f,-0.6168f,-4.1637f,0f,0f,0f,1f],start_interpolation: 0,interpolation_duration: 1}
$data merge entity $(left_leg) {transformation: [-1f,0f,0f,0.125f,0f,0.8488f,-0.5287f,-5119.4206f,0f,-0.5287f,-0.8488f,-4.1637f,0f,0f,0f,1f],start_interpolation: 0,interpolation_duration: 1}
$data merge entity $(door) {transformation: [-2f,0f,0f,0f,0f,2f,0f,2.8696f,0f,0f,-2f,0f,0f,0f,0f,1f],start_interpolation: 0,interpolation_duration: 1}
data modify storage animated_java:temp entry.data merge value {"cameras":{"camera":{"px":7.577502069724248e-16,"py":3.25,"pz":-6.1875,"ry":0,"rx":19.999999999999996}},"locators":{}}
# Data Manager: Write
function animated_java:global/data_manager/write with storage animated_java:temp args