# This file was generated by Animated Java via MC-Build. It is not recommended to edit this file directly.
$data merge entity $(head) {transformation: [-0.9901f,0.1379f,0.0242f,0f,0.1042f,0.8411f,-0.5308f,1.1105f,-0.0936f,-0.523f,-0.8472f,-4.6003f,0f,0f,0f,1f],start_interpolation: 0,interpolation_duration: 1}
$data merge entity $(right_arm) {transformation: [-0.909f,0.2979f,0.2914f,-0.25f,0.1215f,0.8584f,-0.4984f,-1022.8895f,-0.3986f,-0.4177f,-0.8165f,-4.6003f,0f,0f,0f,1f],start_interpolation: 0,interpolation_duration: 1}
$data merge entity $(left_arm) {transformation: [-0.8657f,-0.4996f,-0.0296f,0.25f,0.2049f,-0.2998f,-0.9317f,-2046.8895f,0.4567f,-0.8127f,0.3619f,-4.6003f,0f,0f,0f,1f],start_interpolation: 0,interpolation_duration: 1}
$data merge entity $(torso) {transformation: [-1f,0f,0f,0f,0f,0.7725f,-0.635f,-3070.8895f,0f,-0.635f,-0.7725f,-4.6003f,0f,0f,0f,1f],start_interpolation: 0,interpolation_duration: 1}
$data merge entity $(right_leg) {transformation: [-0.9747f,0.1939f,0.1112f,-0.125f,0.0267f,0.5948f,-0.8035f,-4095.4206f,-0.2219f,-0.7802f,-0.5849f,-4.1637f,0f,0f,0f,1f],start_interpolation: 0,interpolation_duration: 1}
$data merge entity $(left_leg) {transformation: [-1f,0f,0f,0.125f,0f,0.8488f,-0.5287f,-5119.4206f,0f,-0.5287f,-0.8488f,-4.1637f,0f,0f,0f,1f],start_interpolation: 0,interpolation_duration: 1}
$data merge entity $(door) {transformation: [-2f,0f,0f,0f,0f,2f,0f,2.8696f,0f,0f,-2f,0f,0f,0f,0f,1f],start_interpolation: 0,interpolation_duration: 1}
data modify storage animated_java:temp entry.data merge value {"cameras":{"camera":{"px":7.41963744327166e-16,"py":2.921875,"pz":-6.05859375,"ry":0,"rx":25.468749999999993}},"locators":{}}
# Data Manager: Write
function animated_java:global/data_manager/write with storage animated_java:temp args