# This file was generated by Animated Java via MC-Build. It is not recommended to edit this file directly.
$data merge entity $(head) {transformation: [-0.9908f,0.135f,0.0034f,0f,0.0991f,0.7443f,-0.6605f,1.0967f,-0.0917f,-0.6541f,-0.7508f,-4.6169f,0f,0f,0f,1f],start_interpolation: 0,interpolation_duration: 1}
$data merge entity $(right_arm) {transformation: [-0.9723f,0.0468f,0.2291f,-0.25f,-0.0903f,0.8285f,-0.5526f,-1022.9033f,-0.2157f,-0.558f,-0.8013f,-4.6169f,0f,0f,0f,1f],start_interpolation: 0,interpolation_duration: 1}
$data merge entity $(left_arm) {transformation: [-0.9813f,-0.0778f,-0.1763f,0.25f,0.1905f,-0.528f,-0.8276f,-2046.9033f,-0.0287f,-0.8457f,0.5329f,-4.6169f,0f,0f,0f,1f],start_interpolation: 0,interpolation_duration: 1}
$data merge entity $(torso) {transformation: [-1f,0f,0f,0f,0f,0.7629f,-0.6465f,-3070.9033f,0f,-0.6465f,-0.7629f,-4.6169f,0f,0f,0f,1f],start_interpolation: 0,interpolation_duration: 1}
$data merge entity $(right_leg) {transformation: [-0.9994f,0.0297f,0.0175f,-0.125f,0.0038f,0.599f,-0.8007f,-4095.4278f,-0.0342f,-0.8002f,-0.5988f,-4.1724f,0f,0f,0f,1f],start_interpolation: 0,interpolation_duration: 1}
$data merge entity $(left_leg) {transformation: [-0.9996f,-0.0252f,-0.0097f,0.125f,-0.0157f,0.8329f,-0.5532f,-5119.4278f,0.022f,-0.5528f,-0.833f,-4.1724f,0f,0f,0f,1f],start_interpolation: 0,interpolation_duration: 1}
$data merge entity $(door) {transformation: [-2f,0f,0f,0f,0f,2f,0f,2.8424f,0f,0f,-2f,0f,0f,0f,0f,1f],start_interpolation: 0,interpolation_duration: 1}
data modify storage animated_java:temp entry.data merge value {"cameras":{"camera":{"px":7.471729004345995e-16,"py":3.171282798833819,"pz":-6.1011297376093285,"ry":0,"rx":21.384839650145782}},"locators":{}}
# Data Manager: Write
function animated_java:global/data_manager/write with storage animated_java:temp args