# This file was generated by Animated Java via MC-Build. It is not recommended to edit this file directly.
$data merge entity $(head) {transformation: [-0.9807f,0.1516f,0.1232f,0.0044f,0.1777f,0.9544f,0.2399f,0.1952f,-0.0812f,0.2572f,-0.9629f,-2.56f,0f,0f,0f,1f],start_interpolation: 0,interpolation_duration: 1}
$data merge entity $(right_arm) {transformation: [-0.9262f,0.3576f,-0.1195f,-0.2457f,0.0633f,-0.1649f,-0.9843f,-1023.8481f,-0.3717f,-0.9192f,0.13f,-2.6754f,0f,0f,0f,1f],start_interpolation: 0,interpolation_duration: 1}
$data merge entity $(left_arm) {transformation: [-0.9199f,-0.3607f,0.1538f,0.2484f,-0.1328f,-0.0824f,-0.9877f,-2047.7848f,0.3689f,-0.929f,0.0279f,-2.8227f,0f,0f,0f,1f],start_interpolation: 0,interpolation_duration: 1}
$data merge entity $(torso) {transformation: [-0.9979f,0.0059f,-0.0651f,0.0044f,-0.0621f,0.2252f,0.9723f,-3071.8048f,0.0204f,0.9743f,-0.2244f,-2.56f,0f,0f,0f,1f],start_interpolation: 0,interpolation_duration: 1}
$data merge entity $(right_leg) {transformation: [-0.9688f,0.2452f,-0.0352f,-0.125f,-0.0868f,-0.2029f,0.9753f,-4095.9737f,0.232f,0.948f,0.2178f,-3.2907f,0f,0f,0f,1f],start_interpolation: 0,interpolation_duration: 1}
$data merge entity $(left_leg) {transformation: [-0.9659f,-0.2549f,0.0448f,0.125f,0.0647f,-0.0703f,0.9954f,-5119.9143f,-0.2506f,0.9644f,0.0844f,-3.3286f,0f,0f,0f,1f],start_interpolation: 0,interpolation_duration: 1}
$data merge entity $(door) {transformation: [-2f,0f,0f,0f,0f,2f,0f,0f,0f,0f,-2f,0f,0f,0f,0f,1f],start_interpolation: 0,interpolation_duration: 1}
data modify storage animated_java:temp entry.data merge value {"cameras":{"camera":{"px":0.05900000000000092,"py":1.1585,"pz":-6.151999999999999,"ry":9.084855917242237,"rx":2.407363922521052}},"locators":{}}
# Data Manager: Write
function animated_java:global/data_manager/write with storage animated_java:temp args