# This file was generated by Animated Java via MC-Build. It is not recommended to edit this file directly.
$data merge entity $(head) {transformation: [-0.9902f,0.1367f,0.0287f,0f,0.1025f,0.851f,-0.5151f,1.0967f,-0.0949f,-0.5071f,-0.8567f,-4.6169f,0f,0f,0f,1f],start_interpolation: 0,interpolation_duration: 1}
$data merge entity $(right_arm) {transformation: [-0.8847f,0.3501f,0.3078f,-0.25f,0.1606f,0.8487f,-0.5039f,-1022.9033f,-0.4376f,-0.3964f,-0.8071f,-4.6169f,0f,0f,0f,1f],start_interpolation: 0,interpolation_duration: 1}
$data merge entity $(left_arm) {transformation: [-0.8082f,-0.5883f,-0.0272f,0.25f,0.221f,-0.2601f,-0.94f,-2046.9033f,0.5459f,-0.7657f,0.3402f,-4.6169f,0f,0f,0f,1f],start_interpolation: 0,interpolation_duration: 1}
$data merge entity $(torso) {transformation: [-1f,0f,0f,0f,0f,0.7629f,-0.6465f,-3070.9033f,0f,-0.6465f,-0.7629f,-4.6169f,0f,0f,0f,1f],start_interpolation: 0,interpolation_duration: 1}
$data merge entity $(right_leg) {transformation: [-0.9643f,0.2298f,0.1314f,-0.125f,0.027f,0.579f,-0.8149f,-4095.4278f,-0.2633f,-0.7823f,-0.5645f,-4.1724f,0f,0f,0f,1f],start_interpolation: 0,interpolation_duration: 1}
$data merge entity $(left_leg) {transformation: [-0.9996f,-0.0252f,-0.0097f,0.125f,-0.0157f,0.8329f,-0.5532f,-5119.4278f,0.022f,-0.5528f,-0.833f,-4.1724f,0f,0f,0f,1f],start_interpolation: 0,interpolation_duration: 1}
$data merge entity $(door) {transformation: [-2f,0f,0f,0f,0f,2f,0f,2.8424f,0f,0f,-2f,0f,0f,0f,0f,1f],start_interpolation: 0,interpolation_duration: 1}
data modify storage animated_java:temp entry.data merge value {"cameras":{"camera":{"px":7.434239816616995e-16,"py":2.872813411078717,"pz":-6.07051749271137,"ry":0,"rx":26.282798833819253}},"locators":{}}
# Data Manager: Write
function animated_java:global/data_manager/write with storage animated_java:temp args