# This file was generated by Animated Java via MC-Build. It is not recommended to edit this file directly.
$data merge entity $(head) {transformation: [-0.9903f,0.135f,0.0333f,0f,0.1007f,0.8613f,-0.4981f,1.0831f,-0.0959f,-0.4899f,-0.8665f,-4.6327f,0f,0f,0f,1f],start_interpolation: 0,interpolation_duration: 1}
$data merge entity $(right_arm) {transformation: [-0.8561f,0.4014f,0.3256f,-0.25f,0.1986f,0.8371f,-0.5097f,-1022.9169f,-0.4771f,-0.3717f,-0.7964f,-4.6327f,0f,0f,0f,1f],start_interpolation: 0,interpolation_duration: 1}
$data merge entity $(left_arm) {transformation: [-0.74f,-0.6717f,-0.0356f,0.25f,0.2439f,-0.2186f,-0.9448f,-2046.9169f,0.6269f,-0.7078f,0.3256f,-4.6327f,0f,0f,0f,1f],start_interpolation: 0,interpolation_duration: 1}
$data merge entity $(torso) {transformation: [-1f,0f,0f,0f,0f,0.7534f,-0.6575f,-3070.9169f,0f,-0.6575f,-0.7534f,-4.6327f,0f,0f,0f,1f],start_interpolation: 0,interpolation_duration: 1}
$data merge entity $(right_leg) {transformation: [-0.952f,0.266f,0.1515f,-0.125f,0.0258f,0.5631f,-0.826f,-4095.4349f,-0.305f,-0.7824f,-0.5429f,-4.1806f,0f,0f,0f,1f],start_interpolation: 0,interpolation_duration: 1}
$data merge entity $(left_leg) {transformation: [-0.998f,-0.0594f,-0.0213f,0.125f,-0.0358f,0.8112f,-0.5837f,-5119.4349f,0.052f,-0.5817f,-0.8117f,-4.1806f,0f,0f,0f,1f],start_interpolation: 0,interpolation_duration: 1}
$data merge entity $(door) {transformation: [-2f,0f,0f,0f,0f,2f,0f,2.8125f,0f,0f,-2f,0f,0f,0f,0f,1f],start_interpolation: 0,interpolation_duration: 1}
data modify storage animated_java:temp entry.data merge value {"cameras":{"camera":{"px":7.453863063318894e-16,"py":2.8268950437317786,"pz":-6.0865410896501455,"ry":0,"rx":27.064048833819246}},"locators":{}}
# Data Manager: Write
function animated_java:global/data_manager/write with storage animated_java:temp args