# This file was generated by Animated Java via MC-Build. It is not recommended to edit this file directly.
$data merge entity $(head) {transformation: [-0.9808f,0.1471f,0.128f,0.003f,0.1728f,0.9598f,0.221f,0.2139f,-0.0903f,0.2389f,-0.9668f,-2.3785f,0f,0f,0f,1f],start_interpolation: 0,interpolation_duration: 1}
$data merge entity $(right_arm) {transformation: [-0.9268f,0.3608f,-0.1039f,-0.2469f,0.0593f,-0.1324f,-0.9894f,-1023.8332f,-0.3708f,-0.9232f,0.1013f,-2.4921f,0f,0f,0f,1f],start_interpolation: 0,interpolation_duration: 1}
$data merge entity $(left_arm) {transformation: [-0.9158f,-0.3772f,0.1377f,0.2475f,-0.124f,-0.0605f,-0.9904f,-2047.7768f,0.382f,-0.9241f,0.0086f,-2.6415f,0f,0f,0f,1f],start_interpolation: 0,interpolation_duration: 1}
$data merge entity $(torso) {transformation: [-0.9979f,0.004f,-0.0653f,0.003f,-0.062f,0.2572f,0.9644f,-3071.7861f,0.0207f,0.9664f,-0.2564f,-2.3785f,0f,0f,0f,1f],start_interpolation: 0,interpolation_duration: 1}
$data merge entity $(right_leg) {transformation: [-0.9694f,0.2414f,-0.0456f,-0.125f,-0.0883f,-0.1689f,0.9817f,-4095.979f,0.2293f,0.9556f,0.185f,-3.1033f,0f,0f,0f,1f],start_interpolation: 0,interpolation_duration: 1}
$data merge entity $(left_leg) {transformation: [-0.9659f,-0.2545f,0.0471f,0.125f,0.0637f,-0.0575f,0.9963f,-5119.9201f,-0.2508f,0.9654f,0.0718f,-3.1417f,0f,0f,0f,1f],start_interpolation: 0,interpolation_duration: 1}
data modify storage animated_java:temp entry.data merge value {"cameras":{"camera":{"px":0.15972222222222282,"py":1.1388888888888888,"pz":-5.898148148148149,"ry":8.80953078448593,"rx":2.4089875045214484}},"locators":{}}
# Data Manager: Write
function animated_java:global/data_manager/write with storage animated_java:temp args