# This file was generated by Animated Java via MC-Build. It is not recommended to edit this file directly.
$data merge entity $(head) {transformation: [-0.9904f,0.1378f,0.0083f,0f,0.0999f,0.7575f,-0.6452f,1.0831f,-0.0952f,-0.6382f,-0.764f,-4.6327f,0f,0f,0f,1f],start_interpolation: 0,interpolation_duration: 1}
$data merge entity $(right_arm) {transformation: [-0.9638f,0.109f,0.2434f,-0.25f,-0.0452f,0.8326f,-0.552f,-1022.9169f,-0.2628f,-0.543f,-0.7975f,-4.6327f,0f,0f,0f,1f],start_interpolation: 0,interpolation_duration: 1}
$data merge entity $(left_arm) {transformation: [-0.9762f,-0.1785f,-0.1235f,0.25f,0.1978f,-0.4979f,-0.8444f,-2046.9169f,0.0893f,-0.8486f,0.5214f,-4.6327f,0f,0f,0f,1f],start_interpolation: 0,interpolation_duration: 1}
$data merge entity $(torso) {transformation: [-1f,0f,0f,0f,0f,0.7534f,-0.6575f,-3070.9169f,0f,-0.6575f,-0.7534f,-4.6327f,0f,0f,0f,1f],start_interpolation: 0,interpolation_duration: 1}
$data merge entity $(right_leg) {transformation: [-0.9968f,0.0695f,0.0404f,-0.125f,0.0077f,0.5827f,-0.8126f,-4095.4349f,-0.08f,-0.8097f,-0.5814f,-4.1806f,0f,0f,0f,1f],start_interpolation: 0,interpolation_duration: 1}
$data merge entity $(left_leg) {transformation: [-0.998f,-0.0594f,-0.0213f,0.125f,-0.0358f,0.8112f,-0.5837f,-5119.4349f,0.052f,-0.5817f,-0.8117f,-4.1806f,0f,0f,0f,1f],start_interpolation: 0,interpolation_duration: 1}
$data merge entity $(door) {transformation: [-2f,0f,0f,0f,0f,2f,0f,2.8125f,0f,0f,-2f,0f,0f,0f,0f,1f],start_interpolation: 0,interpolation_duration: 1}
data modify storage animated_java:temp entry.data merge value {"cameras":{"camera":{"px":7.42018137121862e-16,"py":3.0756195335276963,"pz":-6.059037900874635,"ry":0,"rx":22.966472303207}},"locators":{}}
# Data Manager: Write
function animated_java:global/data_manager/write with storage animated_java:temp args