# This file was generated by Animated Java via MC-Build. It is not recommended to edit this file directly.
$data merge entity $(head) {transformation: [-0.9809f,0.1414f,0.1337f,0.0016f,0.1671f,0.9642f,0.2061f,0.2359f,-0.0998f,0.2245f,-0.9694f,-2.2063f,0f,0f,0f,1f],start_interpolation: 0,interpolation_duration: 1}
$data merge entity $(right_arm) {transformation: [-0.9276f,0.3645f,-0.0815f,-0.2481f,0.0572f,-0.077f,-0.9954f,-1023.815f,-0.3691f,-0.928f,0.0506f,-2.3179f,0f,0f,0f,1f],start_interpolation: 0,interpolation_duration: 1}
$data merge entity $(left_arm) {transformation: [-0.9122f,-0.3939f,0.1132f,0.2467f,-0.1151f,-0.0188f,-0.9932f,-2047.7657f,0.3933f,-0.919f,-0.0282f,-2.4671f,0f,0f,0f,1f],start_interpolation: 0,interpolation_duration: 1}
$data merge entity $(torso) {transformation: [-0.9979f,0.0021f,-0.0654f,0.0016f,-0.0619f,0.2904f,0.9549f,-3071.7641f,0.021f,0.9569f,-0.2896f,-2.2063f,0f,0f,0f,1f],start_interpolation: 0,interpolation_duration: 1}
$data merge entity $(right_leg) {transformation: [-0.9698f,0.2371f,-0.0564f,-0.125f,-0.0887f,-0.1275f,0.9879f,-4095.9819f,0.227f,0.9631f,0.1447f,-2.924f,0f,0f,0f,1f],start_interpolation: 0,interpolation_duration: 1}
$data merge entity $(left_leg) {transformation: [-0.9659f,-0.2543f,0.0481f,0.125f,0.0625f,-0.0489f,0.9968f,-5119.9235f,-0.2511f,0.9659f,0.0631f,-2.9629f,0f,0f,0f,1f],start_interpolation: 0,interpolation_duration: 1}
data modify storage animated_java:temp entry.data merge value {"cameras":{"camera":{"px":0.25155555555555575,"py":1.124,"pz":-5.655685185185186,"ry":8.370949878901229,"rx":2.4125570294547902}},"locators":{}}
# Data Manager: Write
function animated_java:global/data_manager/write with storage animated_java:temp args