# This file was generated by Animated Java via MC-Build. It is not recommended to edit this file directly.
$data merge entity $(head) {transformation: [-0.9902f,0.1389f,0.0144f,0f,0.0997f,0.7757f,-0.6232f,1.0697f,-0.0977f,-0.6157f,-0.7819f,-4.6478f,0f,0f,0f,1f],start_interpolation: 0,interpolation_duration: 1}
$data merge entity $(right_arm) {transformation: [-0.9481f,0.1826f,0.2605f,-0.25f,0.0095f,0.8347f,-0.5506f,-1022.9303f,-0.3179f,-0.5195f,-0.7931f,-4.6478f,0f,0f,0f,1f],start_interpolation: 0,interpolation_duration: 1}
$data merge entity $(left_arm) {transformation: [-0.9508f,-0.3012f,-0.0724f,0.25f,0.2078f,-0.4465f,-0.8703f,-2046.9303f,0.2299f,-0.8426f,0.4871f,-4.6478f,0f,0f,0f,1f],start_interpolation: 0,interpolation_duration: 1}
$data merge entity $(torso) {transformation: [-1f,0f,0f,0f,0f,0.7441f,-0.668f,-3070.9303f,0f,-0.668f,-0.7441f,-4.6478f,0f,0f,0f,1f],start_interpolation: 0,interpolation_duration: 1}
$data merge entity $(right_leg) {transformation: [-0.9908f,0.1172f,0.0677f,-0.125f,0.0108f,0.5671f,-0.8236f,-4095.4419f,-0.1349f,-0.8152f,-0.5632f,-4.1885f,0f,0f,0f,1f],start_interpolation: 0,interpolation_duration: 1}
$data merge entity $(left_leg) {transformation: [-0.9943f,-0.1012f,-0.0331f,0.125f,-0.0591f,0.7835f,-0.6186f,-5119.4419f,0.0885f,-0.6131f,-0.785f,-4.1885f,0f,0f,0f,1f],start_interpolation: 0,interpolation_duration: 1}
$data merge entity $(door) {transformation: [-2f,0f,0f,0f,0f,2f,0f,1.9792f,0f,0f,-2f,0f,0f,0f,0f,1f],start_interpolation: 0,interpolation_duration: 1}
data modify storage animated_java:temp entry.data merge value {"cameras":{"camera":{"px":7.411478524067245e-16,"py":2.9728498542274053,"pz":-6.051931486880466,"ry":0,"rx":24.63556851311953}},"locators":{}}
# Data Manager: Write
function animated_java:global/data_manager/write with storage animated_java:temp args