# This file was generated by Animated Java via MC-Build. It is not recommended to edit this file directly.
$data merge entity $(head) {transformation: [-0.9904f,0.1329f,0.0377f,0f,0.0987f,0.8716f,-0.4802f,1.0697f,-0.0967f,-0.4719f,-0.8763f,-4.6478f,0f,0f,0f,1f],start_interpolation: 0,interpolation_duration: 1}
$data merge entity $(right_arm) {transformation: [-0.8235f,0.4505f,0.3447f,-0.25f,0.2348f,0.8238f,-0.5159f,-1022.9303f,-0.5164f,-0.344f,-0.7842f,-4.6478f,0f,0f,0f,1f],start_interpolation: 0,interpolation_duration: 1}
$data merge entity $(left_arm) {transformation: [-0.6634f,-0.7464f,-0.053f,0.25f,0.2738f,-0.1762f,-0.9455f,-2046.9303f,0.6964f,-0.6417f,0.3212f,-4.6478f,0f,0f,0f,1f],start_interpolation: 0,interpolation_duration: 1}
$data merge entity $(torso) {transformation: [-1f,0f,0f,0f,0f,0.7441f,-0.668f,-3070.9303f,0f,-0.668f,-0.7441f,-4.6478f,0f,0f,0f,1f],start_interpolation: 0,interpolation_duration: 1}
$data merge entity $(right_leg) {transformation: [-0.9378f,0.3018f,0.1714f,-0.125f,0.0232f,0.5471f,-0.8368f,-4095.4419f,-0.3463f,-0.7808f,-0.52f,-4.1885f,0f,0f,0f,1f],start_interpolation: 0,interpolation_duration: 1}
$data merge entity $(left_leg) {transformation: [-0.9943f,-0.1012f,-0.0331f,0.125f,-0.0591f,0.7835f,-0.6186f,-5119.4419f,0.0885f,-0.6131f,-0.785f,-4.1885f,0f,0f,0f,1f],start_interpolation: 0,interpolation_duration: 1}
$data merge entity $(door) {transformation: [-2f,0f,0f,0f,0f,2f,0f,1.9792f,0f,0f,-2f,0f,0f,0f,0f,1f],start_interpolation: 0,interpolation_duration: 1}
data modify storage animated_java:temp entry.data merge value {"cameras":{"camera":{"px":7.477084602592996e-16,"py":2.7853498542274053,"pz":-6.105502915451895,"ry":0,"rx":27.798833819241985}},"locators":{}}
# Data Manager: Write
function animated_java:global/data_manager/write with storage animated_java:temp args