# This file was generated by Animated Java via MC-Build. It is not recommended to edit this file directly.
$data merge entity $(head) {transformation: [-0.9905f,0.1306f,0.042f,0f,0.0967f,0.8817f,-0.4617f,1.0567f,-0.0973f,-0.4533f,-0.886f,-4.6621f,0f,0f,0f,1f],start_interpolation: 0,interpolation_duration: 1}
$data merge entity $(right_arm) {transformation: [-0.7876f,0.4968f,0.3646f,-0.25f,0.2685f,0.8092f,-0.5227f,-1022.9433f,-0.5546f,-0.3138f,-0.7707f,-4.6621f,0f,0f,0f,1f],start_interpolation: 0,interpolation_duration: 1}
$data merge entity $(left_arm) {transformation: [-0.5814f,-0.8099f,-0.077f,0.25f,0.3104f,-0.1333f,-0.9412f,-2046.9433f,0.7521f,-0.5711f,0.3289f,-4.6621f,0f,0f,0f,1f],start_interpolation: 0,interpolation_duration: 1}
$data merge entity $(torso) {transformation: [-1f,0f,0f,0f,0f,0.7351f,-0.678f,-3070.9433f,0f,-0.678f,-0.7351f,-4.6621f,0f,0f,0f,1f],start_interpolation: 0,interpolation_duration: 1}
$data merge entity $(right_leg) {transformation: [-0.9221f,0.3369f,0.1905f,-0.125f,0.019f,0.5311f,-0.8471f,-4095.4487f,-0.3865f,-0.7775f,-0.4961f,-4.196f,0f,0f,0f,1f],start_interpolation: 0,interpolation_duration: 1}
$data merge entity $(left_leg) {transformation: [-0.9879f,-0.1488f,-0.0431f,0.125f,-0.0842f,0.7497f,-0.6564f,-5119.4487f,0.13f,-0.6449f,-0.7532f,-4.196f,0f,0f,0f,1f],start_interpolation: 0,interpolation_duration: 1}
$data merge entity $(door) {transformation: [-2f,0f,0f,0f,0f,2f,0f,0.8333f,0f,0f,-2f,0f,0f,0f,0f,1f],start_interpolation: 0,interpolation_duration: 1}
data modify storage animated_java:temp entry.data merge value {"cameras":{"camera":{"px":7.502481853654942e-16,"py":2.7494077988338192,"pz":-6.126241344752186,"ry":0,"rx":28.47348760932945}},"locators":{}}
# Data Manager: Write
function animated_java:global/data_manager/write with storage animated_java:temp args
execute unless entity @s[tag=aj.transforms_only] at @s run function aj:entrance/animations/close/zzz/frames/47_root_function