# This file was generated by Animated Java via MC-Build. It is not recommended to edit this file directly.
$data merge entity $(head) {transformation: [-0.9901f,0.1385f,0.0212f,0f,0.0988f,0.7972f,-0.5956f,1.0567f,-0.0994f,-0.5877f,-0.803f,-4.6621f,0f,0f,0f,1f],start_interpolation: 0,interpolation_duration: 1}
$data merge entity $(right_arm) {transformation: [-0.9229f,0.263f,0.2813f,-0.25f,0.07f,0.8329f,-0.549f,-1022.9433f,-0.3787f,-0.4869f,-0.7871f,-4.6621f,0f,0f,0f,1f],start_interpolation: 0,interpolation_duration: 1}
$data merge entity $(left_arm) {transformation: [-0.8974f,-0.4396f,-0.0372f,0.25f,0.2236f,-0.3806f,-0.8973f,-2046.9433f,0.3803f,-0.8136f,0.4398f,-4.6621f,0f,0f,0f,1f],start_interpolation: 0,interpolation_duration: 1}
$data merge entity $(torso) {transformation: [-1f,0f,0f,0f,0f,0.7351f,-0.678f,-3070.9433f,0f,-0.678f,-0.7351f,-4.6621f,0f,0f,0f,1f],start_interpolation: 0,interpolation_duration: 1}
$data merge entity $(right_leg) {transformation: [-0.9805f,0.1704f,0.0979f,-0.125f,0.0126f,0.5516f,-0.834f,-4095.4487f,-0.1961f,-0.8165f,-0.543f,-4.196f,0f,0f,0f,1f],start_interpolation: 0,interpolation_duration: 1}
$data merge entity $(left_leg) {transformation: [-0.9879f,-0.1488f,-0.0431f,0.125f,-0.0842f,0.7497f,-0.6564f,-5119.4487f,0.13f,-0.6449f,-0.7532f,-4.196f,0f,0f,0f,1f],start_interpolation: 0,interpolation_duration: 1}
$data merge entity $(door) {transformation: [-2f,0f,0f,0f,0f,2f,0f,0.8333f,0f,0f,-2f,0f,0f,0f,0f,1f],start_interpolation: 0,interpolation_duration: 1}
data modify storage animated_java:temp entry.data merge value {"cameras":{"camera":{"px":7.434239816616996e-16,"py":2.8728134110787167,"pz":-6.070517492711371,"ry":0,"rx":26.282798833819253}},"locators":{}}
# Data Manager: Write
function animated_java:global/data_manager/write with storage animated_java:temp args
execute unless entity @s[tag=aj.transforms_only] at @s run function aj:entrance/animations/close/zzz/frames/47_root_function