# This file was generated by Animated Java via MC-Build. It is not recommended to edit this file directly.
$data merge entity $(head) {transformation: [-0.981f,0.1345f,0.1402f,0.0001f,0.1605f,0.9676f,0.195f,0.2608f,-0.1094f,0.2138f,-0.9707f,-2.0432f,0f,0f,0f,1f],start_interpolation: 0,interpolation_duration: 1}
$data merge entity $(right_arm) {transformation: [-0.9285f,0.3674f,-0.0534f,-0.2494f,0.0569f,-0.0014f,-0.9984f,-1023.794f,-0.3669f,-0.9301f,-0.0196f,-2.1524f,0f,0f,0f,1f],start_interpolation: 0,interpolation_duration: 1}
$data merge entity $(left_arm) {transformation: [-0.9089f,-0.4091f,0.0807f,0.2459f,-0.1064f,0.0403f,-0.9935f,-2047.7518f,0.4032f,-0.9116f,-0.0801f,-2.2995f,0f,0f,0f,1f],start_interpolation: 0,interpolation_duration: 1}
$data merge entity $(torso) {transformation: [-0.9979f,0.0001f,-0.0654f,0.0001f,-0.0618f,0.3244f,0.9439f,-3071.7392f,0.0213f,0.9459f,-0.3237f,-2.0432f,0f,0f,0f,1f],start_interpolation: 0,interpolation_duration: 1}
$data merge entity $(right_leg) {transformation: [-0.9703f,0.2323f,-0.0675f,-0.125f,-0.0881f,-0.0799f,0.9929f,-4095.9825f,0.2252f,0.9694f,0.098f,-2.7527f,0f,0f,0f,1f],start_interpolation: 0,interpolation_duration: 1}
$data merge entity $(left_leg) {transformation: [-0.9659f,-0.2543f,0.0481f,0.125f,0.061f,-0.0433f,0.9972f,-5119.9249f,-0.2515f,0.9662f,0.0574f,-2.7921f,0f,0f,0f,1f],start_interpolation: 0,interpolation_duration: 1}
data modify storage animated_java:temp entry.data merge value {"cameras":{"camera":{"px":0.33300000000000085,"py":1.1145,"pz":-5.431499999999999,"ry":7.794662318431932,"rx":2.4177221320347098}},"locators":{}}
# Data Manager: Write
function animated_java:global/data_manager/write with storage animated_java:temp args