# This file was generated by Animated Java via MC-Build. It is not recommended to edit this file directly.
$data merge entity $(head) {transformation: [-0.981f,0.1263f,0.1472f,-0.0014f,0.1531f,0.9702f,0.1877f,0.288f,-0.1191f,0.2066f,-0.9711f,-1.8889f,0f,0f,0f,1f],start_interpolation: 0,interpolation_duration: 1}
$data merge entity $(right_arm) {transformation: [-0.9294f,0.3686f,-0.0206f,-0.2506f,0.0582f,0.0912f,-0.9941f,-1023.7705f,-0.3645f,-0.9251f,-0.1062f,-1.9955f,0f,0f,0f,1f],start_interpolation: 0,interpolation_duration: 1}
$data merge entity $(left_arm) {transformation: [-0.906f,-0.4212f,0.0408f,0.2452f,-0.0977f,0.1144f,-0.9886f,-2047.7354f,0.4118f,-0.8997f,-0.1448f,-2.1387f,0f,0f,0f,1f],start_interpolation: 0,interpolation_duration: 1}
$data merge entity $(torso) {transformation: [-0.9979f,-0.0018f,-0.0654f,-0.0014f,-0.0617f,0.3588f,0.9314f,-3071.712f,0.0217f,0.9334f,-0.3581f,-1.8889f,0f,0f,0f,1f],start_interpolation: 0,interpolation_duration: 1}
$data merge entity $(right_leg) {transformation: [-0.9707f,0.2269f,-0.0785f,-0.125f,-0.0868f,-0.0268f,0.9959f,-4095.9811f,0.2239f,0.9735f,0.0457f,-2.5889f,0f,0f,0f,1f],start_interpolation: 0,interpolation_duration: 1}
$data merge entity $(left_leg) {transformation: [-0.9659f,-0.2544f,0.0474f,0.125f,0.0594f,-0.04f,0.9974f,-5119.9244f,-0.2519f,0.9663f,0.0538f,-2.6288f,0f,0f,0f,1f],start_interpolation: 0,interpolation_duration: 1}
data modify storage animated_java:temp entry.data merge value {"cameras":{"camera":{"px":0.4025555555555562,"py":1.1110555555555557,"pz":-5.232481481481481,"ry":7.1062170519624885,"rx":2.4241188068023307}},"locators":{}}
# Data Manager: Write
function animated_java:global/data_manager/write with storage animated_java:temp args