# This file was generated by Animated Java via MC-Build. It is not recommended to edit this file directly.
$data merge entity $(head) {transformation: [-0.9902f,0.1368f,0.0284f,0f,0.0972f,0.8203f,-0.5636f,1.0441f,-0.1004f,-0.5553f,-0.8256f,-4.6756f,0f,0f,0f,1f],start_interpolation: 0,interpolation_duration: 1}
$data merge entity $(right_arm) {transformation: [-0.8869f,0.3458f,0.3063f,-0.25f,0.1328f,0.8259f,-0.5479f,-1022.9559f,-0.4425f,-0.4453f,-0.7784f,-4.6756f,0f,0f,0f,1f],start_interpolation: 0,interpolation_duration: 1}
$data merge entity $(left_arm) {transformation: [-0.8134f,-0.581f,-0.027f,0.25f,0.2492f,-0.3062f,-0.9188f,-2046.9559f,0.5256f,-0.7541f,0.3939f,-4.6756f,0f,0f,0f,1f],start_interpolation: 0,interpolation_duration: 1}
$data merge entity $(torso) {transformation: [-1f,0f,0f,0f,0f,0.7263f,-0.6874f,-3070.9559f,0f,-0.6874f,-0.7263f,-4.6756f,0f,0f,0f,1f],start_interpolation: 0,interpolation_duration: 1}
$data merge entity $(right_leg) {transformation: [-0.9653f,0.2268f,0.1297f,-0.125f,0.0124f,0.5356f,-0.8444f,-4095.4553f,-0.261f,-0.8135f,-0.5198f,-4.203f,0f,0f,0f,1f],start_interpolation: 0,interpolation_duration: 1}
$data merge entity $(left_leg) {transformation: [-0.9784f,-0.2004f,-0.05f,0.125f,-0.1099f,0.7101f,-0.6954f,-5119.4553f,0.1748f,-0.6749f,-0.7169f,-4.203f,0f,0f,0f,1f],start_interpolation: 0,interpolation_duration: 1}
$data merge entity $(door) {transformation: [-2f,0f,0f,0f,0f,2f,0f,0f,0f,0f,-2f,0f,0f,0f,0f,1f],start_interpolation: 0,interpolation_duration: 1}
data modify storage animated_java:temp entry.data merge value {"cameras":{"camera":{"px":7.477084602592996e-16,"py":2.7853498542274053,"pz":-6.105502915451895,"ry":0,"rx":27.798833819241985}},"locators":{}}
# Data Manager: Write
function animated_java:global/data_manager/write with storage animated_java:temp args