# This file was generated by Animated Java via MC-Build. It is not recommended to edit this file directly.
$data merge entity $(head) {transformation: [-0.9907f,0.1281f,0.046f,0f,0.0947f,0.8915f,-0.4431f,1.0441f,-0.0978f,-0.4346f,-0.8953f,-4.6756f,0f,0f,0f,1f],start_interpolation: 0,interpolation_duration: 1}
$data merge entity $(right_arm) {transformation: [-0.749f,0.5393f,0.3849f,-0.25f,0.2991f,0.7936f,-0.5299f,-1022.9559f,-0.5912f,-0.2818f,-0.7557f,-4.6756f,0f,0f,0f,1f],start_interpolation: 0,interpolation_duration: 1}
$data merge entity $(left_arm) {transformation: [-0.4976f,-0.8611f,-0.1044f,0.25f,0.3526f,-0.0908f,-0.9314f,-2046.9559f,0.7925f,-0.5003f,0.3488f,-4.6756f,0f,0f,0f,1f],start_interpolation: 0,interpolation_duration: 1}
$data merge entity $(torso) {transformation: [-1f,0f,0f,0f,0f,0.7263f,-0.6874f,-3070.9559f,0f,-0.6874f,-0.7263f,-4.6756f,0f,0f,0f,1f],start_interpolation: 0,interpolation_duration: 1}
$data merge entity $(right_leg) {transformation: [-0.9051f,0.3706f,0.2085f,-0.125f,0.0135f,0.5152f,-0.8569f,-4095.4553f,-0.425f,-0.7728f,-0.4714f,-4.203f,0f,0f,0f,1f],start_interpolation: 0,interpolation_duration: 1}
$data merge entity $(left_leg) {transformation: [-0.9784f,-0.2004f,-0.05f,0.125f,-0.1099f,0.7101f,-0.6954f,-5119.4553f,0.1748f,-0.6749f,-0.7169f,-4.203f,0f,0f,0f,1f],start_interpolation: 0,interpolation_duration: 1}
$data merge entity $(door) {transformation: [-2f,0f,0f,0f,0f,2f,0f,0f,0f,0f,-2f,0f,0f,0f,0f,1f],start_interpolation: 0,interpolation_duration: 1}
data modify storage animated_java:temp entry.data merge value {"cameras":{"camera":{"px":7.528632235720371e-16,"py":2.720298833819242,"pz":-6.147594752186588,"ry":0,"rx":29.074344023323604}},"locators":{}}
# Data Manager: Write
function animated_java:global/data_manager/write with storage animated_java:temp args