# This file was generated by Animated Java via MC-Build. It is not recommended to edit this file directly.
$data merge entity $(head) {transformation: [-0.9909f,0.1254f,0.0498f,0f,0.0927f,0.9006f,-0.4248f,1.0319f,-0.0981f,-0.4163f,-0.9039f,-4.6883f,0f,0f,0f,1f],start_interpolation: 0,interpolation_duration: 1}
$data merge entity $(right_arm) {transformation: [-0.7088f,0.5775f,0.4051f,-0.25f,0.3262f,0.7775f,-0.5376f,-1022.9681f,-0.6255f,-0.2489f,-0.7395f,-4.6883f,0f,0f,0f,1f],start_interpolation: 0,interpolation_duration: 1}
$data merge entity $(left_arm) {transformation: [-0.4154f,-0.9f,-0.1322f,0.25f,0.3989f,-0.0497f,-0.9157f,-2046.9681f,0.8175f,-0.4331f,0.3796f,-4.6883f,0f,0f,0f,1f],start_interpolation: 0,interpolation_duration: 1}
$data merge entity $(torso) {transformation: [-1f,0f,0f,0f,0f,0.7178f,-0.6962f,-3070.9681f,0f,-0.6962f,-0.7178f,-4.6883f,0f,0f,0f,1f],start_interpolation: 0,interpolation_duration: 1}
$data merge entity $(right_leg) {transformation: [-0.8873f,0.4025f,0.2253f,-0.125f,0.0068f,0.4997f,-0.8662f,-4095.4616f,-0.4612f,-0.767f,-0.4461f,-4.2096f,0f,0f,0f,1f],start_interpolation: 0,interpolation_duration: 1}
$data merge entity $(left_leg) {transformation: [-0.9658f,-0.254f,-0.0525f,0.125f,-0.1351f,0.6657f,-0.7339f,-5119.4616f,0.2214f,-0.7017f,-0.6772f,-4.2096f,0f,0f,0f,1f],start_interpolation: 0,interpolation_duration: 1}
data modify storage animated_java:temp entry.data merge value {"cameras":{"camera":{"px":7.554113168004927e-16,"py":2.699252915451895,"pz":-6.168401512390671,"ry":0,"rx":29.587736880466473}},"locators":{}}
# Data Manager: Write
function animated_java:global/data_manager/write with storage animated_java:temp args