# This file was generated by Animated Java via MC-Build. It is not recommended to edit this file directly.
$data merge entity $(head) {transformation: [-0.981f,0.117f,0.1546f,-0.0029f,0.1449f,0.9722f,0.1838f,0.317f,-0.1288f,0.2027f,-0.9707f,-1.7431f,0f,0f,0f,1f],start_interpolation: 0,interpolation_duration: 1}
$data merge entity $(right_arm) {transformation: [-0.9301f,0.3671f,0.0156f,-0.2519f,0.0612f,0.1966f,-0.9786f,-1023.7452f,-0.3623f,-0.9092f,-0.2053f,-1.8469f,0f,0f,0f,1f],start_interpolation: 0,interpolation_duration: 1}
$data merge entity $(left_arm) {transformation: [-0.9035f,-0.4285f,-0.0054f,0.2444f,-0.0893f,0.2006f,-0.9756f,-2047.7165f,0.4191f,-0.881f,-0.2195f,-1.9846f,0f,0f,0f,1f],start_interpolation: 0,interpolation_duration: 1}
$data merge entity $(torso) {transformation: [-0.9979f,-0.0038f,-0.0653f,-0.0029f,-0.0615f,0.3932f,0.9174f,-3071.683f,0.0222f,0.9194f,-0.3926f,-1.7431f,0f,0f,0f,1f],start_interpolation: 0,interpolation_duration: 1}
$data merge entity $(right_leg) {transformation: [-0.9711f,0.2211f,-0.0895f,-0.125f,-0.0849f,0.0304f,0.9959f,-4095.9779f,0.2229f,0.9748f,-0.0108f,-2.4327f,0f,0f,0f,1f],start_interpolation: 0,interpolation_duration: 1}
$data merge entity $(left_leg) {transformation: [-0.9659f,-0.2546f,0.0462f,0.125f,0.0577f,-0.0379f,0.9976f,-5119.9223f,-0.2523f,0.9663f,0.0513f,-2.473f,0f,0f,0f,1f],start_interpolation: 0,interpolation_duration: 1}
data modify storage animated_java:temp entry.data merge value {"cameras":{"camera":{"px":0.4587222222222233,"py":1.1143333333333334,"pz":-5.065518518518518,"ry":6.331163255720696,"rx":2.4313866152566015}},"locators":{}}
# Data Manager: Write
function animated_java:global/data_manager/write with storage animated_java:temp args