# This file was generated by Animated Java via MC-Build. It is not recommended to edit this file directly.
$data merge entity $(head) {transformation: [-0.9903f,0.134f,0.0355f,0f,0.0952f,0.8437f,-0.5284f,1.0319f,-0.1008f,-0.5199f,-0.8483f,-4.6883f,0f,0f,0f,1f],start_interpolation: 0,interpolation_duration: 1}
$data merge entity $(right_arm) {transformation: [-0.8403f,0.4263f,0.335f,-0.25f,0.1942f,0.8135f,-0.5482f,-1022.9681f,-0.5062f,-0.3956f,-0.7663f,-4.6883f,0f,0f,0f,1f],start_interpolation: 0,interpolation_duration: 1}
$data merge entity $(left_arm) {transformation: [-0.7025f,-0.7103f,-0.0433f,0.25f,0.2879f,-0.228f,-0.9301f,-2046.9681f,0.6508f,-0.6659f,0.3647f,-4.6883f,0f,0f,0f,1f],start_interpolation: 0,interpolation_duration: 1}
$data merge entity $(torso) {transformation: [-1f,0f,0f,0f,0f,0.7178f,-0.6962f,-3070.9681f,0f,-0.6962f,-0.7178f,-4.6883f,0f,0f,0f,1f],start_interpolation: 0,interpolation_duration: 1}
$data merge entity $(right_leg) {transformation: [-0.9451f,0.284f,0.1615f,-0.125f,0.0098f,0.5189f,-0.8548f,-4095.4616f,-0.3266f,-0.8063f,-0.4933f,-4.2096f,0f,0f,0f,1f],start_interpolation: 0,interpolation_duration: 1}
$data merge entity $(left_leg) {transformation: [-0.9658f,-0.254f,-0.0525f,0.125f,-0.1351f,0.6657f,-0.7339f,-5119.4616f,0.2214f,-0.7017f,-0.6772f,-4.2096f,0f,0f,0f,1f],start_interpolation: 0,interpolation_duration: 1}
data modify storage animated_java:temp entry.data merge value {"cameras":{"camera":{"px":7.528632235720371e-16,"py":2.7202988338192418,"pz":-6.147594752186588,"ry":0,"rx":29.074344023323615}},"locators":{}}
# Data Manager: Write
function animated_java:global/data_manager/write with storage animated_java:temp args