# This file was generated by Animated Java via MC-Build. It is not recommended to edit this file directly.
$data merge entity $(head) {transformation: [-0.9999f,0.0101f,0.0004f,0f,0.01f,0.9985f,-0.0538f,1.4359f,-0.0009f,-0.0538f,-0.9986f,-5.4864f,0f,0f,0f,1f],start_interpolation: 0,interpolation_duration: 1}
$data merge entity $(right_arm) {transformation: [-0.9998f,-0.0047f,0.0167f,-0.25f,-0.0054f,0.9991f,-0.0428f,-1022.5641f,-0.0165f,-0.0428f,-0.9989f,-5.4864f,0f,0f,0f,1f],start_interpolation: 0,interpolation_duration: 1}
$data merge entity $(left_arm) {transformation: [-0.9997f,0.024f,0.0034f,0.25f,0.0231f,0.9862f,-0.1637f,-2046.5641f,-0.0073f,-0.1635f,-0.9865f,-5.4864f,0f,0f,0f,1f],start_interpolation: 0,interpolation_duration: 1}
$data merge entity $(torso) {transformation: [-1f,0f,0f,0f,0f,0.9989f,-0.0473f,-3070.5641f,0f,-0.0473f,-0.9989f,-5.4864f,0f,0f,0f,1f],start_interpolation: 0,interpolation_duration: 1}
$data merge entity $(right_leg) {transformation: [-1f,-0.003f,-0.0027f,-0.125f,-0.0028f,0.9979f,-0.0641f,-4095.2508f,0.0029f,-0.0641f,-0.9979f,-5.4539f,0f,0f,0f,1f],start_interpolation: 0,interpolation_duration: 1}
$data merge entity $(left_leg) {transformation: [-1f,0.003f,0.0008f,0.125f,0.003f,0.9994f,-0.0351f,-5119.2508f,-0.0009f,-0.0351f,-0.9994f,-5.4539f,0f,0f,0f,1f],start_interpolation: 0,interpolation_duration: 1}
$data merge entity $(door) {transformation: [-2f,0f,0f,0f,0f,2f,0f,2.8279f,0f,0f,-2f,0f,0f,0f,0f,1f],start_interpolation: 0,interpolation_duration: 1}
data modify storage animated_java:temp entry.data merge value {"cameras":{"camera":{"px":9.34396212035301e-16,"py":3.5995423358949528,"pz":-7.629924094733797,"ry":0,"rx":13.016621178009483}},"locators":{}}
# Data Manager: Write
function animated_java:global/data_manager/write with storage animated_java:temp args