# This file was generated by Animated Java via MC-Build. It is not recommended to edit this file directly.
$data merge entity $(head) {transformation: [-0.9999f,0.0125f,0.0004f,0f,0.0125f,0.9984f,-0.0558f,1.4359f,-0.0011f,-0.0558f,-0.9984f,-5.4511f,0f,0f,0f,1f],start_interpolation: 0,interpolation_duration: 1}
$data merge entity $(right_arm) {transformation: [-0.9998f,-0.0067f,0.0208f,-0.25f,-0.0076f,0.9991f,-0.0419f,-1022.5641f,-0.0205f,-0.0421f,-0.9989f,-5.4511f,0f,0f,0f,1f],start_interpolation: 0,interpolation_duration: 1}
$data merge entity $(left_arm) {transformation: [-0.9995f,0.0311f,0.0044f,0.25f,0.0297f,0.9808f,-0.1928f,-2046.5641f,-0.0104f,-0.1926f,-0.9812f,-5.4511f,0f,0f,0f,1f],start_interpolation: 0,interpolation_duration: 1}
$data merge entity $(torso) {transformation: [-1f,0f,0f,0f,0f,0.9989f,-0.0473f,-3070.5641f,0f,-0.0473f,-0.9989f,-5.4511f,0f,0f,0f,1f],start_interpolation: 0,interpolation_duration: 1}
$data merge entity $(right_leg) {transformation: [-1f,-0.0041f,-0.0037f,-0.125f,-0.0039f,0.9977f,-0.0683f,-4095.2508f,0.004f,-0.0683f,-0.9977f,-5.4186f,0f,0f,0f,1f],start_interpolation: 0,interpolation_duration: 1}
$data merge entity $(left_leg) {transformation: [-1f,0.003f,0.0008f,0.125f,0.003f,0.9994f,-0.0351f,-5119.2508f,-0.0009f,-0.0351f,-0.9994f,-5.4186f,0f,0f,0f,1f],start_interpolation: 0,interpolation_duration: 1}
$data merge entity $(door) {transformation: [-2f,0f,0f,0f,0f,2f,0f,2.8279f,0f,0f,-2f,0f,0f,0f,0f,1f],start_interpolation: 0,interpolation_duration: 1}
data modify storage animated_java:temp entry.data merge value {"cameras":{"camera":{"px":9.307888873632976e-16,"py":3.5937841595936213,"pz":-7.600468053412209,"ry":0,"rx":13.134698645404663}},"locators":{}}
# Data Manager: Write
function animated_java:global/data_manager/write with storage animated_java:temp args