# This file was generated by Animated Java via MC-Build. It is not recommended to edit this file directly.
$data merge entity $(head) {transformation: [-0.9941f,-0.0092f,0.1081f,0f,0.0051f,0.9913f,0.1317f,1.4026f,-0.1084f,0.1314f,-0.9854f,-12.6105f,0f,0f,0f,1f],start_interpolation: 0,interpolation_duration: 1}
$data merge entity $(right_arm) {transformation: [-0.9608f,0.185f,-0.2067f,-0.2498f,-0.0079f,0.7266f,0.687f,-1022.604f,0.2773f,0.6617f,-0.6966f,-12.6027f,0f,0f,0f,1f],start_interpolation: 0,interpolation_duration: 1}
$data merge entity $(left_arm) {transformation: [-0.9759f,-0.1046f,0.1915f,0.2468f,-0.1853f,0.8606f,-0.4744f,-2046.6328f,-0.1152f,-0.4985f,-0.8592f,-12.6929f,0f,0f,0f,1f],start_interpolation: 0,interpolation_duration: 1}
$data merge entity $(torso) {transformation: [-0.9986f,0f,-0.0531f,0f,-0.016f,0.9534f,0.3011f,-3070.5974f,0.0507f,0.3016f,-0.9521f,-12.6105f,0f,0f,0f,1f],start_interpolation: 0,interpolation_duration: 1}
$data merge entity $(right_leg) {transformation: [-0.9848f,0.086f,0.1509f,-0.125f,0.0522f,0.9752f,-0.2151f,-4095.3086f,-0.1656f,-0.2039f,-0.9649f,-12.782f,0f,0f,0f,1f],start_interpolation: 0,interpolation_duration: 1}
$data merge entity $(left_leg) {transformation: [-0.9997f,0.0088f,-0.0209f,0.125f,-0.0142f,0.4772f,0.8787f,-5119.3125f,0.0177f,0.8787f,-0.477f,-12.8289f,0f,0f,0f,1f],start_interpolation: 0,interpolation_duration: 1}
$data merge entity $(door) {transformation: [-2f,0f,0f,0f,0f,2f,0f,2.8371f,0f,0f,-2f,0f,0f,0f,0f,1f],start_interpolation: 0,interpolation_duration: 1}
data modify storage animated_java:temp entry.data merge value {"cameras":{"camera":{"px":0.19290123456790198,"py":2.520147462277092,"pz":-5.890860768175583,"ry":177.0639359299632,"rx":8.891902836323695}},"locators":{}}
# Data Manager: Write
function animated_java:global/data_manager/write with storage animated_java:temp args