# This file was generated by Animated Java via MC-Build. It is not recommended to edit this file directly.
$data merge entity $(head) {transformation: [-0.991f,0.1228f,0.0532f,0f,0.0908f,0.9089f,-0.4071f,1.0202f,-0.0983f,-0.3986f,-0.9118f,-4.7002f,0f,0f,0f,1f],start_interpolation: 0,interpolation_duration: 1}
$data merge entity $(right_arm) {transformation: [-0.6679f,0.6111f,0.4248f,-0.25f,0.3496f,0.7615f,-0.5457f,-1022.9798f,-0.657f,-0.216f,-0.7223f,-4.7002f,0f,0f,0f,1f],start_interpolation: 0,interpolation_duration: 1}
$data merge entity $(left_arm) {transformation: [-0.338f,-0.9278f,-0.1578f,0.25f,0.4475f,-0.0109f,-0.8942f,-2046.9798f,0.828f,-0.3729f,0.4189f,-4.7002f,0f,0f,0f,1f],start_interpolation: 0,interpolation_duration: 1}
$data merge entity $(torso) {transformation: [-1f,0f,0f,0f,0f,0.7097f,-0.7045f,-3070.9798f,0f,-0.7045f,-0.7097f,-4.7002f,0f,0f,0f,1f],start_interpolation: 0,interpolation_duration: 1}
$data merge entity $(right_leg) {transformation: [-0.8691f,0.4322f,0.2404f,-0.125f,-0.001f,0.4846f,-0.8747f,-4095.4677f,-0.4946f,-0.7605f,-0.4208f,-4.2159f,0f,0f,0f,1f],start_interpolation: 0,interpolation_duration: 1}
$data merge entity $(left_leg) {transformation: [-0.9503f,-0.3072f,-0.0505f,0.125f,-0.1587f,0.6176f,-0.7703f,-5119.4677f,0.2678f,-0.724f,-0.6357f,-4.2159f,0f,0f,0f,1f],start_interpolation: 0,interpolation_duration: 1}
data modify storage animated_java:temp entry.data merge value {"cameras":{"camera":{"px":7.577502069724248e-16,"py":2.6875,"pz":-6.1875,"ry":0,"rx":30}},"locators":{}}
# Data Manager: Write
function animated_java:global/data_manager/write with storage animated_java:temp args