# This file was generated by Animated Java via MC-Build. It is not recommended to edit this file directly.
$data merge entity $(head) {transformation: [-0.9906f,0.1304f,0.0423f,0f,0.093f,0.8659f,-0.4915f,1.0202f,-0.1007f,-0.4829f,-0.8699f,-4.7002f,0f,0f,0f,1f],start_interpolation: 0,interpolation_duration: 1}
$data merge entity $(right_arm) {transformation: [-0.7845f,0.5005f,0.3662f,-0.25f,0.2511f,0.7963f,-0.5503f,-1022.9798f,-0.5671f,-0.3397f,-0.7504f,-4.7002f,0f,0f,0f,1f],start_interpolation: 0,interpolation_duration: 1}
$data merge entity $(left_arm) {transformation: [-0.5745f,-0.8147f,-0.0792f,0.25f,0.3404f,-0.1498f,-0.9283f,-2046.9798f,0.7444f,-0.5602f,0.3634f,-4.7002f,0f,0f,0f,1f],start_interpolation: 0,interpolation_duration: 1}
$data merge entity $(torso) {transformation: [-1f,0f,0f,0f,0f,0.7097f,-0.7045f,-3070.9798f,0f,-0.7045f,-0.7097f,-4.7002f,0f,0f,0f,1f],start_interpolation: 0,interpolation_duration: 1}
$data merge entity $(right_leg) {transformation: [-0.9207f,0.3397f,0.192f,-0.125f,0.0047f,0.5017f,-0.865f,-4095.4677f,-0.3902f,-0.7955f,-0.4636f,-4.2159f,0f,0f,0f,1f],start_interpolation: 0,interpolation_duration: 1}
$data merge entity $(left_leg) {transformation: [-0.9503f,-0.3072f,-0.0505f,0.125f,-0.1587f,0.6176f,-0.7703f,-5119.4677f,0.2678f,-0.724f,-0.6357f,-4.2159f,0f,0f,0f,1f],start_interpolation: 0,interpolation_duration: 1}
data modify storage animated_java:temp entry.data merge value {"cameras":{"camera":{"px":7.577502069724248e-16,"py":2.6875,"pz":-6.1875,"ry":0,"rx":30}},"locators":{}}
# Data Manager: Write
function animated_java:global/data_manager/write with storage animated_java:temp args