# This file was generated by Animated Java via MC-Build. It is not recommended to edit this file directly.
$data merge entity $(head) {transformation: [-0.981f,0.1066f,0.162f,-0.0043f,0.1361f,0.9736f,0.1834f,0.3473f,-0.1381f,0.2019f,-0.9696f,-1.6055f,0f,0f,0f,1f],start_interpolation: 0,interpolation_duration: 1}
$data merge entity $(right_arm) {transformation: [-0.9305f,0.3623f,0.0542f,-0.2531f,0.0655f,0.3102f,-0.9484f,-1023.7184f,-0.3604f,-0.8789f,-0.3124f,-1.7063f,0f,0f,0f,1f],start_interpolation: 0,interpolation_duration: 1}
$data merge entity $(left_arm) {transformation: [-0.9013f,-0.4294f,-0.0565f,0.2436f,-0.0811f,0.2954f,-0.9519f,-2047.6956f,0.4255f,-0.8534f,-0.301f,-1.8371f,0f,0f,0f,1f],start_interpolation: 0,interpolation_duration: 1}
$data merge entity $(torso) {transformation: [-0.9979f,-0.0058f,-0.0651f,-0.0043f,-0.0614f,0.4273f,0.902f,-3071.6527f,0.0226f,0.9041f,-0.4267f,-1.6055f,0f,0f,0f,1f],start_interpolation: 0,interpolation_duration: 1}
$data merge entity $(right_leg) {transformation: [-0.9715f,0.2149f,-0.1003f,-0.125f,-0.0824f,0.0907f,0.9925f,-4095.9732f,0.2224f,0.9724f,-0.0704f,-2.2835f,0f,0f,0f,1f],start_interpolation: 0,interpolation_duration: 1}
$data merge entity $(left_leg) {transformation: [-0.9659f,-0.2549f,0.0448f,0.125f,0.0558f,-0.0361f,0.9978f,-5119.9187f,-0.2527f,0.9663f,0.0491f,-2.3242f,0f,0f,0f,1f],start_interpolation: 0,interpolation_duration: 1}
data modify storage animated_java:temp entry.data merge value {"cameras":{"camera":{"px":0.5000000000000006,"py":1.125,"pz":-4.9375,"ry":5.495050620177722,"rx":2.439183097856344}},"locators":{}}
# Data Manager: Write
function animated_java:global/data_manager/write with storage animated_java:temp args