# This file was generated by Animated Java via MC-Build. It is not recommended to edit this file directly.
$data merge entity $(head) {transformation: [-0.981f,0.0951f,0.1691f,-0.0058f,0.1266f,0.9743f,0.1861f,0.3784f,-0.1471f,0.204f,-0.9679f,-1.4757f,0f,0f,0f,1f],start_interpolation: 0,interpolation_duration: 1}
$data merge entity $(right_arm) {transformation: [-0.9306f,0.3537f,0.0941f,-0.2543f,0.071f,0.4267f,-0.9016f,-1023.6906f,-0.359f,-0.8323f,-0.4222f,-1.5734f,0f,0f,0f,1f],start_interpolation: 0,interpolation_duration: 1}
$data merge entity $(left_arm) {transformation: [-0.8994f,-0.4228f,-0.1106f,0.2428f,-0.0731f,0.3951f,-0.9157f,-2047.6729f,0.4309f,-0.8156f,-0.3863f,-1.6961f,0f,0f,0f,1f],start_interpolation: 0,interpolation_duration: 1}
$data merge entity $(torso) {transformation: [-0.9979f,-0.0077f,-0.0649f,-0.0058f,-0.0612f,0.4606f,0.8855f,-3071.6216f,0.0231f,0.8876f,-0.4601f,-1.4757f,0f,0f,0f,1f],start_interpolation: 0,interpolation_duration: 1}
$data merge entity $(right_leg) {transformation: [-0.9718f,0.2083f,-0.1108f,-0.125f,-0.0796f,0.1528f,0.985f,-4095.967f,0.2221f,0.966f,-0.1319f,-2.1414f,0f,0f,0f,1f],start_interpolation: 0,interpolation_duration: 1}
$data merge entity $(left_leg) {transformation: [-0.9659f,-0.2551f,0.0435f,0.125f,0.0539f,-0.0337f,0.998f,-5119.9137f,-0.2531f,0.9663f,0.0463f,-2.1822f,0f,0f,0f,1f],start_interpolation: 0,interpolation_duration: 1}
data modify storage animated_java:temp entry.data merge value {"cameras":{"camera":{"px":0.5229853877314821,"py":1.152687355324074,"pz":-4.8209454571759265,"ry":4.623429521166173,"rx":2.4471953499632444}},"locators":{}}
# Data Manager: Write
function animated_java:global/data_manager/write with storage animated_java:temp args