# This file was generated by Animated Java via MC-Build. It is not recommended to edit this file directly.
$data merge entity $(head) {transformation: [-0.9911f,0.1203f,0.0563f,0f,0.089f,0.9163f,-0.3905f,1.0091f,-0.0986f,-0.3821f,-0.9189f,-4.7113f,0f,0f,0f,1f],start_interpolation: 0,interpolation_duration: 1}
$data merge entity $(right_arm) {transformation: [-0.6276f,0.6399f,0.4435f,-0.25f,0.3692f,0.7461f,-0.5541f,-1022.9909f,-0.6855f,-0.184f,-0.7045f,-4.7113f,0f,0f,0f,1f],start_interpolation: 0,interpolation_duration: 1}
$data merge entity $(left_arm) {transformation: [-0.2679f,-0.9466f,-0.1794f,0.25f,0.4962f,0.0241f,-0.8679f,-2046.9909f,0.8258f,-0.3215f,0.4633f,-4.7113f,0f,0f,0f,1f],start_interpolation: 0,interpolation_duration: 1}
$data merge entity $(torso) {transformation: [-1f,0f,0f,0f,0f,0.702f,-0.7122f,-3070.9909f,0f,-0.7122f,-0.702f,-4.7113f,0f,0f,0f,1f],start_interpolation: 0,interpolation_duration: 1}
$data merge entity $(right_leg) {transformation: [-0.8511f,0.4595f,0.2539f,-0.125f,-0.0095f,0.4701f,-0.8825f,-4095.4735f,-0.5249f,-0.7536f,-0.3958f,-4.2216f,0f,0f,0f,1f],start_interpolation: 0,interpolation_duration: 1}
$data merge entity $(left_leg) {transformation: [-0.9327f,-0.358f,-0.044f,0.125f,-0.18f,0.5677f,-0.8033f,-5119.4735f,0.3125f,-0.7413f,-0.5939f,-4.2216f,0f,0f,0f,1f],start_interpolation: 0,interpolation_duration: 1}
data modify storage animated_java:temp entry.data merge value {"cameras":{"camera":{"px":7.670575226459446e-16,"py":2.7085,"pz":-6.2635,"ry":0,"rx":30}},"locators":{}}
# Data Manager: Write
function animated_java:global/data_manager/write with storage animated_java:temp args