# This file was generated by Animated Java via MC-Build. It is not recommended to edit this file directly.
$data merge entity $(head) {transformation: [-0.9908f,0.1263f,0.0485f,0f,0.0907f,0.8861f,-0.4546f,1.0091f,-0.1004f,-0.446f,-0.8894f,-4.7113f,0f,0f,0f,1f],start_interpolation: 0,interpolation_duration: 1}
$data merge entity $(right_arm) {transformation: [-0.7223f,0.5653f,0.3984f,-0.25f,0.3011f,0.7757f,-0.5546f,-1022.9909f,-0.6226f,-0.2806f,-0.7305f,-4.7113f,0f,0f,0f,1f],start_interpolation: 0,interpolation_duration: 1}
$data merge entity $(left_arm) {transformation: [-0.4424f,-0.8883f,-0.123f,0.25f,0.4045f,-0.0752f,-0.9114f,-2046.9909f,0.8004f,-0.453f,0.3926f,-4.7113f,0f,0f,0f,1f],start_interpolation: 0,interpolation_duration: 1}
$data merge entity $(torso) {transformation: [-1f,0f,0f,0f,0f,0.702f,-0.7122f,-3070.9909f,0f,-0.7122f,-0.702f,-4.7113f,0f,0f,0f,1f],start_interpolation: 0,interpolation_duration: 1}
$data merge entity $(right_leg) {transformation: [-0.8933f,0.3921f,0.2198f,-0.125f,-0.0028f,0.4842f,-0.8749f,-4095.4735f,-0.4495f,-0.7822f,-0.4315f,-4.2216f,0f,0f,0f,1f],start_interpolation: 0,interpolation_duration: 1}
$data merge entity $(left_leg) {transformation: [-0.9327f,-0.358f,-0.044f,0.125f,-0.18f,0.5677f,-0.8033f,-5119.4735f,0.3125f,-0.7413f,-0.5939f,-4.2216f,0f,0f,0f,1f],start_interpolation: 0,interpolation_duration: 1}
data modify storage animated_java:temp entry.data merge value {"cameras":{"camera":{"px":7.670575226459446e-16,"py":2.7085,"pz":-6.2635,"ry":0,"rx":30}},"locators":{}}
# Data Manager: Write
function animated_java:global/data_manager/write with storage animated_java:temp args