# This file was generated by Animated Java via MC-Build. It is not recommended to edit this file directly.
$data merge entity $(head) {transformation: [-0.9913f,0.1179f,0.0591f,0f,0.0874f,0.9227f,-0.3756f,0.9986f,-0.0988f,-0.3671f,-0.9249f,-4.7216f,0f,0f,0f,1f],start_interpolation: 0,interpolation_duration: 1}
$data merge entity $(right_arm) {transformation: [-0.589f,0.6639f,0.4607f,-0.25f,0.3849f,0.7318f,-0.5624f,-1023.0014f,-0.7105f,-0.1539f,-0.6866f,-4.7216f,0f,0f,0f,1f],start_interpolation: 0,interpolation_duration: 1}
$data merge entity $(left_arm) {transformation: [-0.2069f,-0.9585f,-0.1962f,0.25f,0.5431f,0.0543f,-0.8379f,-2047.0014f,0.8138f,-0.2799f,0.5093f,-4.7216f,0f,0f,0f,1f],start_interpolation: 0,interpolation_duration: 1}
$data merge entity $(torso) {transformation: [-1f,0f,0f,0f,0f,0.6947f,-0.7193f,-3071.0014f,0f,-0.7193f,-0.6947f,-4.7216f,0f,0f,0f,1f],start_interpolation: 0,interpolation_duration: 1}
$data merge entity $(right_leg) {transformation: [-0.8339f,0.4839f,0.2655f,-0.125f,-0.0183f,0.4565f,-0.8896f,-4095.479f,-0.5516f,-0.7467f,-0.3718f,-4.227f,0f,0f,0f,1f],start_interpolation: 0,interpolation_duration: 1}
$data merge entity $(left_leg) {transformation: [-0.914f,-0.4042f,-0.034f,0.125f,-0.1982f,0.5183f,-0.8319f,-5119.479f,0.3539f,-0.7536f,-0.5539f,-4.227f,0f,0f,0f,1f],start_interpolation: 0,interpolation_duration: 1}
data modify storage animated_java:temp entry.data merge value {"cameras":{"camera":{"px":7.807735667963952e-16,"py":2.7880000000000003,"pz":-6.375500000000001,"ry":0,"rx":30}},"locators":{}}
# Data Manager: Write
function animated_java:global/data_manager/write with storage animated_java:temp args