# This file was generated by Animated Java via MC-Build. It is not recommended to edit this file directly.
$data merge entity $(head) {transformation: [-0.9809f,0.0828f,0.1759f,-0.0072f,0.1166f,0.9745f,0.1918f,0.4099f,-0.1556f,0.2087f,-0.9655f,-1.3533f,0f,0f,0f,1f],start_interpolation: 0,interpolation_duration: 1}
$data merge entity $(right_arm) {transformation: [-0.9303f,0.3413f,0.1341f,-0.2555f,0.0776f,0.5406f,-0.8377f,-1023.6622f,-0.3584f,-0.7689f,-0.5295f,-1.4477f,0f,0f,0f,1f],start_interpolation: 0,interpolation_duration: 1}
$data merge entity $(left_arm) {transformation: [-0.8978f,-0.4081f,-0.1656f,0.242f,-0.0655f,0.4956f,-0.8661f,-2047.6487f,0.4355f,-0.7667f,-0.4717f,-1.5616f,0f,0f,0f,1f],start_interpolation: 0,interpolation_duration: 1}
$data merge entity $(torso) {transformation: [-0.9979f,-0.0096f,-0.0647f,-0.0072f,-0.061f,0.4929f,0.8679f,-3071.5901f,0.0236f,0.87f,-0.4924f,-1.3533f,0f,0f,0f,1f],start_interpolation: 0,interpolation_duration: 1}
$data merge entity $(right_leg) {transformation: [-0.972f,0.2016f,-0.1209f,-0.125f,-0.0764f,0.2153f,0.9735f,-4095.9598f,0.2223f,0.9555f,-0.1939f,-2.0058f,0f,0f,0f,1f],start_interpolation: 0,interpolation_duration: 1}
$data merge entity $(left_leg) {transformation: [-0.9659f,-0.2553f,0.0426f,0.125f,0.0519f,-0.0296f,0.9982f,-5119.9078f,-0.2535f,0.9664f,0.0418f,-2.0468f,0f,0f,0f,1f],start_interpolation: 0,interpolation_duration: 1}
data modify storage animated_java:temp entry.data merge value {"cameras":{"camera":{"px":0.5128761574074079,"py":1.1971932870370372,"pz":-4.734230324074074,"ry":3.7418510806564313,"rx":2.4551486689290503}},"locators":{}}
# Data Manager: Write
function animated_java:global/data_manager/write with storage animated_java:temp args