# This file was generated by Animated Java via MC-Build. It is not recommended to edit this file directly.
$data merge entity $(head) {transformation: [-0.991f,0.1222f,0.054f,0f,0.0885f,0.9034f,-0.4195f,0.9986f,-0.1f,-0.411f,-0.9061f,-4.7216f,0f,0f,0f,1f],start_interpolation: 0,interpolation_duration: 1}
$data merge entity $(right_arm) {transformation: [-0.6577f,0.6187f,0.4296f,-0.25f,0.3426f,0.7537f,-0.5609f,-1023.0014f,-0.6708f,-0.2217f,-0.7077f,-4.7216f,0f,0f,0f,1f],start_interpolation: 0,interpolation_duration: 1}
$data merge entity $(left_arm) {transformation: [-0.3197f,-0.9333f,-0.1636f,0.25f,0.4749f,-0.0084f,-0.88f,-2047.0014f,0.8199f,-0.359f,0.4459f,-4.7216f,0f,0f,0f,1f],start_interpolation: 0,interpolation_duration: 1}
$data merge entity $(torso) {transformation: [-1f,0f,0f,0f,0f,0.6947f,-0.7193f,-3071.0014f,0f,-0.7193f,-0.6947f,-4.7216f,0f,0f,0f,1f],start_interpolation: 0,interpolation_duration: 1}
$data merge entity $(right_leg) {transformation: [-0.8646f,0.4393f,0.244f,-0.125f,-0.0123f,0.4669f,-0.8842f,-4095.479f,-0.5023f,-0.7675f,-0.3983f,-4.227f,0f,0f,0f,1f],start_interpolation: 0,interpolation_duration: 1}
$data merge entity $(left_leg) {transformation: [-0.914f,-0.4042f,-0.034f,0.125f,-0.1982f,0.5183f,-0.8319f,-5119.479f,0.3539f,-0.7536f,-0.5539f,-4.227f,0f,0f,0f,1f],start_interpolation: 0,interpolation_duration: 1}
data modify storage animated_java:temp entry.data merge value {"cameras":{"camera":{"px":7.807735667963952e-16,"py":2.7880000000000003,"pz":-6.375500000000001,"ry":0,"rx":30}},"locators":{}}
# Data Manager: Write
function animated_java:global/data_manager/write with storage animated_java:temp args