# This file was generated by Animated Java via MC-Build. It is not recommended to edit this file directly.
$data merge entity $(head) {transformation: [-0.9914f,0.1159f,0.0615f,0f,0.086f,0.928f,-0.3626f,0.9887f,-0.0991f,-0.3542f,-0.9299f,-4.731f,0f,0f,0f,1f],start_interpolation: 0,interpolation_duration: 1}
$data merge entity $(right_arm) {transformation: [-0.5536f,0.6833f,0.4761f,-0.25f,0.3969f,0.719f,-0.5705f,-1023.0113f,-0.7321f,-0.1269f,-0.6692f,-4.731f,0f,0f,0f,1f],start_interpolation: 0,interpolation_duration: 1}
$data merge entity $(left_arm) {transformation: [-0.156f,-0.9657f,-0.2078f,0.25f,0.5861f,0.0788f,-0.8064f,-2047.0113f,0.7951f,-0.2476f,0.5537f,-4.731f,0f,0f,0f,1f],start_interpolation: 0,interpolation_duration: 1}
$data merge entity $(torso) {transformation: [-1f,0f,0f,0f,0f,0.6878f,-0.7259f,-3071.0113f,0f,-0.7259f,-0.6878f,-4.731f,0f,0f,0f,1f],start_interpolation: 0,interpolation_duration: 1}
$data merge entity $(right_leg) {transformation: [-0.818f,0.5051f,0.2751f,-0.125f,-0.0273f,0.4437f,-0.8957f,-4095.4842f,-0.5745f,-0.7402f,-0.3492f,-4.2319f,0f,0f,0f,1f],start_interpolation: 0,interpolation_duration: 1}
$data merge entity $(left_leg) {transformation: [-0.8957f,-0.4442f,-0.0221f,0.125f,-0.213f,0.4721f,-0.8555f,-5119.4842f,0.3904f,-0.7615f,-0.5174f,-4.2319f,0f,0f,0f,1f],start_interpolation: 0,interpolation_duration: 1}
data modify storage animated_java:temp entry.data merge value {"cameras":{"camera":{"px":7.9595918710582215e-16,"py":2.8945,"pz":-6.499499999999999,"ry":0,"rx":30}},"locators":{}}
# Data Manager: Write
function animated_java:global/data_manager/write with storage animated_java:temp args