# This file was generated by Animated Java via MC-Build. It is not recommended to edit this file directly.
$data merge entity $(head) {transformation: [-0.9912f,0.1183f,0.0586f,0f,0.0865f,0.9175f,-0.3882f,0.9887f,-0.0997f,-0.3797f,-0.9197f,-4.731f,0f,0f,0f,1f],start_interpolation: 0,interpolation_duration: 1}
$data merge entity $(right_arm) {transformation: [-0.5953f,0.6602f,0.458f,-0.25f,0.3747f,0.7323f,-0.5687f,-1023.0113f,-0.7108f,-0.1669f,-0.6833f,-4.731f,0f,0f,0f,1f],start_interpolation: 0,interpolation_duration: 1}
$data merge entity $(left_arm) {transformation: [-0.2164f,-0.9569f,-0.1938f,0.25f,0.5446f,0.0464f,-0.8374f,-2047.0113f,0.8103f,-0.2867f,0.511f,-4.731f,0f,0f,0f,1f],start_interpolation: 0,interpolation_duration: 1}
$data merge entity $(torso) {transformation: [-1f,0f,0f,0f,0f,0.6878f,-0.7259f,-3071.0113f,0f,-0.7259f,-0.6878f,-4.731f,0f,0f,0f,1f],start_interpolation: 0,interpolation_duration: 1}
$data merge entity $(right_leg) {transformation: [-0.8367f,0.48f,0.2637f,-0.125f,-0.0229f,0.4503f,-0.8926f,-4095.4842f,-0.5472f,-0.7529f,-0.3658f,-4.2319f,0f,0f,0f,1f],start_interpolation: 0,interpolation_duration: 1}
$data merge entity $(left_leg) {transformation: [-0.8957f,-0.4442f,-0.0221f,0.125f,-0.213f,0.4721f,-0.8555f,-5119.4842f,0.3904f,-0.7615f,-0.5174f,-4.2319f,0f,0f,0f,1f],start_interpolation: 0,interpolation_duration: 1}
data modify storage animated_java:temp entry.data merge value {"cameras":{"camera":{"px":7.9595918710582215e-16,"py":2.8945,"pz":-6.499499999999999,"ry":0,"rx":30}},"locators":{}}
# Data Manager: Write
function animated_java:global/data_manager/write with storage animated_java:temp args