# This file was generated by Animated Java via MC-Build. It is not recommended to edit this file directly.
$data merge entity $(head) {transformation: [-0.9808f,0.0696f,0.1821f,-0.0085f,0.1063f,0.9739f,0.2003f,0.4413f,-0.1635f,0.2158f,-0.9627f,-1.2379f,0f,0f,0f,1f],start_interpolation: 0,interpolation_duration: 1}
$data merge entity $(right_arm) {transformation: [-0.9297f,0.3251f,0.1733f,-0.2567f,0.0849f,0.6468f,-0.7579f,-1023.6336f,-0.3585f,-0.6899f,-0.6289f,-1.329f,0f,0f,0f,1f],start_interpolation: 0,interpolation_duration: 1}
$data merge entity $(left_arm) {transformation: [-0.8964f,-0.3851f,-0.2194f,0.2412f,-0.0582f,0.5929f,-0.8031f,-2047.6233f,0.4394f,-0.7072f,-0.5539f,-1.4333f,0f,0f,0f,1f],start_interpolation: 0,interpolation_duration: 1}
$data merge entity $(torso) {transformation: [-0.9979f,-0.0114f,-0.0644f,-0.0085f,-0.0608f,0.5238f,0.8497f,-3071.5587f,0.0241f,0.8518f,-0.5233f,-1.2379f,0f,0f,0f,1f],start_interpolation: 0,interpolation_duration: 1}
$data merge entity $(right_leg) {transformation: [-0.9721f,0.1947f,-0.1306f,-0.125f,-0.0732f,0.2771f,0.958f,-4095.9515f,0.2227f,0.9409f,-0.2551f,-1.8768f,0f,0f,0f,1f],start_interpolation: 0,interpolation_duration: 1}
$data merge entity $(left_leg) {transformation: [-0.9659f,-0.2553f,0.0424f,0.125f,0.0498f,-0.0229f,0.9985f,-5119.9009f,-0.254f,0.9666f,0.0349f,-1.9176f,0f,0f,0f,1f],start_interpolation: 0,interpolation_duration: 1}
data modify storage animated_java:temp entry.data merge value {"cameras":{"camera":{"px":0.47607421875000067,"py":1.2553710937499998,"pz":-4.67333984375,"ry":2.875867132466368,"rx":2.4628121612405223}},"locators":{}}
# Data Manager: Write
function animated_java:global/data_manager/write with storage animated_java:temp args