# This file was generated by Animated Java via MC-Build. It is not recommended to edit this file directly.
$data merge entity $(head) {transformation: [-0.9914f,0.1151f,0.0624f,0f,0.085f,0.9281f,-0.3626f,0.9795f,-0.0996f,-0.3542f,-0.9298f,-4.7396f,0f,0f,0f,1f],start_interpolation: 0,interpolation_duration: 1}
$data merge entity $(right_arm) {transformation: [-0.54f,0.6901f,0.4819f,-0.25f,0.3971f,0.7137f,-0.5771f,-1023.0205f,-0.7421f,-0.1203f,-0.6594f,-4.7396f,0f,0f,0f,1f],start_interpolation: 0,interpolation_duration: 1}
$data merge entity $(left_arm) {transformation: [-0.1379f,-0.9677f,-0.2111f,0.25f,0.6065f,0.086f,-0.7904f,-2047.0205f,0.7831f,-0.237f,0.575f,-4.7396f,0f,0f,0f,1f],start_interpolation: 0,interpolation_duration: 1}
$data merge entity $(torso) {transformation: [-1f,0f,0f,0f,0f,0.6814f,-0.7319f,-3071.0205f,0f,-0.7319f,-0.6814f,-4.7396f,0f,0f,0f,1f],start_interpolation: 0,interpolation_duration: 1}
$data merge entity $(right_leg) {transformation: [-0.8119f,0.513f,0.2786f,-0.125f,-0.0338f,0.435f,-0.8998f,-4095.4889f,-0.5828f,-0.74f,-0.3359f,-4.2364f,0f,0f,0f,1f],start_interpolation: 0,interpolation_duration: 1}
$data merge entity $(left_leg) {transformation: [-0.8791f,-0.4765f,-0.0101f,0.125f,-0.2239f,0.4316f,-0.8738f,-5119.4889f,0.4207f,-0.7659f,-0.4862f,-4.2364f,0f,0f,0f,1f],start_interpolation: 0,interpolation_duration: 1}
data modify storage animated_java:temp entry.data merge value {"cameras":{"camera":{"px":8.096752312562726e-16,"py":2.9965,"pz":-6.6115,"ry":0,"rx":30}},"locators":{}}
# Data Manager: Write
function animated_java:global/data_manager/write with storage animated_java:temp args