# This file was generated by Animated Java via MC-Build. It is not recommended to edit this file directly.
$data merge entity $(head) {transformation: [-0.9807f,0.0558f,0.1876f,-0.0098f,0.0957f,0.9727f,0.2113f,0.4721f,-0.1707f,0.2252f,-0.9592f,-1.129f,0f,0f,0f,1f],start_interpolation: 0,interpolation_duration: 1}
$data merge entity $(right_arm) {transformation: [-0.9285f,0.3055f,0.2109f,-0.2578f,0.0927f,0.7408f,-0.6653f,-1023.6052f,-0.3595f,-0.5982f,-0.7162f,-1.2167f,0f,0f,0f,1f],start_interpolation: 0,interpolation_duration: 1}
$data merge entity $(left_arm) {transformation: [-0.8952f,-0.3547f,-0.2699f,0.2405f,-0.0513f,0.6834f,-0.7282f,-2047.5973f,0.4427f,-0.6381f,-0.63f,-1.3112f,0f,0f,0f,1f],start_interpolation: 0,interpolation_duration: 1}
$data merge entity $(torso) {transformation: [-0.9979f,-0.0131f,-0.0641f,-0.0098f,-0.0606f,0.5529f,0.831f,-3071.5279f,0.0246f,0.8331f,-0.5526f,-1.129f,0f,0f,0f,1f],start_interpolation: 0,interpolation_duration: 1}
$data merge entity $(right_leg) {transformation: [-0.9722f,0.1878f,-0.1398f,-0.125f,-0.07f,0.3369f,0.939f,-4095.9426f,0.2234f,0.9226f,-0.3143f,-1.7539f,0f,0f,0f,1f],start_interpolation: 0,interpolation_duration: 1}
$data merge entity $(left_leg) {transformation: [-0.9659f,-0.2552f,0.043f,0.125f,0.0478f,-0.0127f,0.9988f,-5119.8933f,-0.2543f,0.9668f,0.0245f,-1.7945f,0f,0f,0f,1f],start_interpolation: 0,interpolation_duration: 1}
data modify storage animated_java:temp entry.data merge value {"cameras":{"camera":{"px":0.4189814814814819,"py":1.3240740740740742,"pz":-4.6342592592592595,"ry":2.0510301157746937,"rx":2.470001209899322}},"locators":{}}
# Data Manager: Write
function animated_java:global/data_manager/write with storage animated_java:temp args