# This file was generated by Animated Java via MC-Build. It is not recommended to edit this file directly.
$data merge entity $(head) {transformation: [-0.9914f,0.1142f,0.0635f,0f,0.0848f,0.9321f,-0.3522f,0.9795f,-0.0994f,-0.3438f,-0.9338f,-4.7396f,0f,0f,0f,1f],start_interpolation: 0,interpolation_duration: 1}
$data merge entity $(right_arm) {transformation: [-0.5224f,0.6984f,0.4893f,-0.25f,0.4053f,0.7082f,-0.5781f,-1023.0205f,-0.7502f,-0.1037f,-0.653f,-4.7396f,0f,0f,0f,1f],start_interpolation: 0,interpolation_duration: 1}
$data merge entity $(left_arm) {transformation: [-0.1155f,-0.9699f,-0.2144f,0.25f,0.6238f,0.0971f,-0.7755f,-2047.0205f,0.773f,-0.2233f,0.5938f,-4.7396f,0f,0f,0f,1f],start_interpolation: 0,interpolation_duration: 1}
$data merge entity $(torso) {transformation: [-1f,0f,0f,0f,0f,0.6814f,-0.7319f,-3071.0205f,0f,-0.7319f,-0.6814f,-4.7396f,0f,0f,0f,1f],start_interpolation: 0,interpolation_duration: 1}
$data merge entity $(right_leg) {transformation: [-0.804f,0.523f,0.2828f,-0.125f,-0.0359f,0.4321f,-0.9011f,-4095.4889f,-0.5935f,-0.7347f,-0.3287f,-4.2364f,0f,0f,0f,1f],start_interpolation: 0,interpolation_duration: 1}
$data merge entity $(left_leg) {transformation: [-0.8791f,-0.4765f,-0.0101f,0.125f,-0.2239f,0.4316f,-0.8738f,-5119.4889f,0.4207f,-0.7659f,-0.4862f,-4.2364f,0f,0f,0f,1f],start_interpolation: 0,interpolation_duration: 1}
data modify storage animated_java:temp entry.data merge value {"cameras":{"camera":{"px":8.096752312562726e-16,"py":2.9965,"pz":-6.6115,"ry":0,"rx":30}},"locators":{}}
# Data Manager: Write
function animated_java:global/data_manager/write with storage animated_java:temp args