# This file was generated by Animated Java via MC-Build. It is not recommended to edit this file directly.
$data merge entity $(head) {transformation: [-0.9805f,0.0415f,0.1922f,-0.011f,0.0851f,0.9707f,0.2246f,0.5021f,-0.1772f,0.2366f,-0.9553f,-1.0262f,0f,0f,0f,1f],start_interpolation: 0,interpolation_duration: 1}
$data merge entity $(right_arm) {transformation: [-0.927f,0.2831f,0.2459f,-0.2589f,0.1007f,0.8196f,-0.564f,-1023.5775f,-0.3612f,-0.4981f,-0.7883f,-1.1104f,0f,0f,0f,1f],start_interpolation: 0,interpolation_duration: 1}
$data merge entity $(left_arm) {transformation: [-0.8942f,-0.3179f,-0.3153f,0.2397f,-0.0447f,0.7639f,-0.6438f,-2047.5709f,0.4455f,-0.5615f,-0.6973f,-1.195f,0f,0f,0f,1f],start_interpolation: 0,interpolation_duration: 1}
$data merge entity $(torso) {transformation: [-0.9979f,-0.0147f,-0.0637f,-0.011f,-0.0604f,0.5802f,0.8122f,-3071.4979f,0.025f,0.8143f,-0.5799f,-1.0262f,0f,0f,0f,1f],start_interpolation: 0,interpolation_duration: 1}
$data merge entity $(right_leg) {transformation: [-0.9722f,0.181f,-0.1486f,-0.125f,-0.0669f,0.3935f,0.9169f,-4095.9331f,0.2244f,0.9013f,-0.3704f,-1.6369f,0f,0f,0f,1f],start_interpolation: 0,interpolation_duration: 1}
$data merge entity $(left_leg) {transformation: [-0.9659f,-0.2549f,0.0448f,0.125f,0.0459f,0.0019f,0.9989f,-5119.8852f,-0.2547f,0.967f,0.0098f,-1.6771f,0f,0f,0f,1f],start_interpolation: 0,interpolation_duration: 1}
data modify storage animated_java:temp entry.data merge value {"cameras":{"camera":{"px":0.34799985532407474,"py":1.4001555266203702,"pz":-4.612973813657407,"ry":1.292892924137334,"rx":2.4765767345502305}},"locators":{}}
# Data Manager: Write
function animated_java:global/data_manager/write with storage animated_java:temp args