# This file was generated by Animated Java via MC-Build. It is not recommended to edit this file directly.
$data merge entity $(head) {transformation: [-0.9803f,0.027f,0.1958f,-0.0122f,0.0731f,0.9699f,0.2323f,0.544f,-0.1836f,0.242f,-0.9527f,-0.9292f,0f,0f,0f,1f],start_interpolation: 0,interpolation_duration: 1}
$data merge entity $(right_arm) {transformation: [-0.9252f,0.2588f,0.2776f,-0.2599f,0.1059f,0.8784f,-0.4661f,-1023.538f,-0.3645f,-0.4018f,-0.8401f,-1.0094f,0f,0f,0f,1f],start_interpolation: 0,interpolation_duration: 1}
$data merge entity $(left_arm) {transformation: [-0.8933f,-0.2766f,-0.3543f,0.2389f,-0.0348f,0.8284f,-0.559f,-2047.5326f,0.4481f,-0.487f,-0.7497f,-1.0843f,0f,0f,0f,1f],start_interpolation: 0,interpolation_duration: 1}
$data merge entity $(torso) {transformation: [-0.9979f,-0.0162f,-0.0633f,-0.0122f,-0.06f,0.6117f,0.7888f,-3071.456f,0.026f,0.7909f,-0.6114f,-0.9292f,0f,0f,0f,1f],start_interpolation: 0,interpolation_duration: 1}
$data merge entity $(right_leg) {transformation: [-0.9721f,0.1745f,-0.1569f,-0.125f,-0.0622f,0.453f,0.8893f,-4095.9148f,0.2263f,0.8743f,-0.4295f,-1.5223f,0f,0f,0f,1f],start_interpolation: 0,interpolation_duration: 1}
$data merge entity $(left_leg) {transformation: [-0.9661f,-0.2532f,0.0503f,0.125f,0.0421f,0.0377f,0.9984f,-5119.8691f,-0.2547f,0.9667f,-0.0258f,-1.5619f,0f,0f,0f,1f],start_interpolation: 0,interpolation_duration: 1}
data modify storage animated_java:temp entry.data merge value {"cameras":{"camera":{"px":0.26953125000000094,"py":1.4804687499999996,"pz":-4.60546875,"ry":0.6270087392519486,"rx":2.482441219197236}},"locators":{}}
# Data Manager: Write
function animated_java:global/data_manager/write with storage animated_java:temp args