# This file was generated by Animated Java via MC-Build. It is not recommended to edit this file directly.
$data merge entity $(head) {transformation: [-0.98f,0.0124f,0.1984f,-0.0132f,0.0607f,0.969f,0.2395f,0.5888f,-0.1892f,0.2467f,-0.9504f,-0.9302f,0f,0f,0f,1f],start_interpolation: 0,interpolation_duration: 1}
$data merge entity $(right_arm) {transformation: [-0.923f,0.2337f,0.3056f,-0.2608f,0.1099f,0.9214f,-0.3728f,-1023.4955f,-0.3687f,-0.3105f,-0.8761f,-1.0062f,0f,0f,0f,1f],start_interpolation: 0,interpolation_duration: 1}
$data merge entity $(left_arm) {transformation: [-0.8926f,-0.2327f,-0.3862f,0.2382f,-0.0242f,0.88f,-0.4743f,-2047.4905f,0.4503f,-0.414f,-0.7911f,-1.0718f,0f,0f,0f,1f],start_interpolation: 0,interpolation_duration: 1}
$data merge entity $(torso) {transformation: [-0.9979f,-0.0176f,-0.063f,-0.0132f,-0.0596f,0.6424f,0.764f,-3071.4112f,0.027f,0.7661f,-0.6421f,-0.9302f,0f,0f,0f,1f],start_interpolation: 0,interpolation_duration: 1}
$data merge entity $(right_leg) {transformation: [-0.9718f,0.1684f,-0.1648f,-0.125f,-0.0574f,0.5092f,0.8588f,-4095.893f,0.2285f,0.844f,-0.4852f,-1.5048f,0f,0f,0f,1f],start_interpolation: 0,interpolation_duration: 1}
$data merge entity $(left_leg) {transformation: [-0.9665f,-0.2499f,0.058f,0.125f,0.0381f,0.0838f,0.9958f,-5119.8501f,-0.2537f,0.9646f,-0.0714f,-1.5432f,0f,0f,0f,1f],start_interpolation: 0,interpolation_duration: 1}
data modify storage animated_java:temp entry.data merge value {"cameras":{"camera":{"px":0.18997757523148195,"py":1.5618670428240742,"pz":-4.607729311342593,"ry":0.0789308765911585,"rx":2.4875315228937667}},"locators":{}}
# Data Manager: Write
function animated_java:global/data_manager/write with storage animated_java:temp args