# This file was generated by Animated Java via MC-Build. It is not recommended to edit this file directly.
$data merge entity $(head) {transformation: [-0.9798f,-0.002f,0.2f,-0.0142f,0.0482f,0.9681f,0.2457f,0.6364f,-0.1941f,0.2504f,-0.9485f,-0.9282f,0f,0f,0f,1f],start_interpolation: 0,interpolation_duration: 1}
$data merge entity $(right_arm) {transformation: [-0.9207f,0.2093f,0.3294f,-0.2616f,0.1124f,0.9505f,-0.2898f,-1023.4499f,-0.3738f,-0.2298f,-0.8986f,-0.9999f,0f,0f,0f,1f],start_interpolation: 0,interpolation_duration: 1}
$data merge entity $(left_arm) {transformation: [-0.892f,-0.1883f,-0.4109f,0.2375f,-0.0126f,0.9191f,-0.3939f,-2047.4447f,0.4519f,-0.3462f,-0.8222f,-1.0569f,0f,0f,0f,1f],start_interpolation: 0,interpolation_duration: 1}
$data merge entity $(torso) {transformation: [-0.9979f,-0.0189f,-0.0626f,-0.0142f,-0.059f,0.6722f,0.738f,-3071.3636f,0.0282f,0.7401f,-0.6719f,-0.9282f,0f,0f,0f,1f],start_interpolation: 0,interpolation_duration: 1}
$data merge entity $(right_leg) {transformation: [-0.9715f,0.1628f,-0.1722f,-0.125f,-0.0524f,0.5613f,0.826f,-4095.8678f,0.2311f,0.8115f,-0.5367f,-1.4832f,0f,0f,0f,1f],start_interpolation: 0,interpolation_duration: 1}
$data merge entity $(left_leg) {transformation: [-0.967f,-0.2458f,0.067f,0.125f,0.0337f,0.1371f,0.99f,-5119.8281f,-0.2525f,0.9596f,-0.1243f,-1.5202f,0f,0f,0f,1f],start_interpolation: 0,interpolation_duration: 1}
data modify storage animated_java:temp entry.data merge value {"cameras":{"camera":{"px":0.11574074074074138,"py":1.6412037037037035,"pz":-4.6157407407407405,"ry":359.6742126640475,"rx":2.4918085171054365}},"locators":{}}
# Data Manager: Write
function animated_java:global/data_manager/write with storage animated_java:temp args