# This file was generated by Animated Java via MC-Build. It is not recommended to edit this file directly.
$data merge entity $(head) {transformation: [-0.9795f,-0.0159f,0.2006f,-0.015f,0.0356f,0.9675f,0.2505f,0.6867f,-0.1981f,0.2525f,-0.9471f,-0.9232f,0f,0f,0f,1f],start_interpolation: 0,interpolation_duration: 1}
$data merge entity $(right_arm) {transformation: [-0.9183f,0.1872f,0.3489f,-0.2624f,0.1132f,0.9685f,-0.2218f,-1023.4014f,-0.3794f,-0.1642f,-0.9105f,-0.9906f,0f,0f,0f,1f],start_interpolation: 0,interpolation_duration: 1}
$data merge entity $(left_arm) {transformation: [-0.8916f,-0.1458f,-0.4288f,0.2369f,0f,0.9467f,-0.3221f,-2047.3956f,0.4529f,-0.2872f,-0.8441f,-1.0398f,0f,0f,0f,1f],start_interpolation: 0,interpolation_duration: 1}
$data merge entity $(torso) {transformation: [-0.9979f,-0.02f,-0.0623f,-0.015f,-0.0584f,0.701f,0.7108f,-3071.3133f,0.0294f,0.7129f,-0.7007f,-0.9232f,0f,0f,0f,1f],start_interpolation: 0,interpolation_duration: 1}
$data merge entity $(right_leg) {transformation: [-0.9711f,0.1578f,-0.1793f,-0.125f,-0.0473f,0.6087f,0.792f,-4095.8391f,0.2341f,0.7775f,-0.5836f,-1.4579f,0f,0f,0f,1f],start_interpolation: 0,interpolation_duration: 1}
$data merge entity $(left_leg) {transformation: [-0.9674f,-0.2416f,0.0762f,0.125f,0.0287f,0.1946f,0.9805f,-5119.803f,-0.2517f,0.9507f,-0.1813f,-1.4931f,0f,0f,0f,1f],start_interpolation: 0,interpolation_duration: 1}
data modify storage animated_java:temp entry.data merge value {"cameras":{"camera":{"px":0.05322265625000057,"py":1.71533203125,"pz":-4.62548828125,"ry":359.43840736491256,"rx":2.4952436023464872}},"locators":{}}
# Data Manager: Write
function animated_java:global/data_manager/write with storage animated_java:temp args