# This file was generated by Animated Java via MC-Build. It is not recommended to edit this file directly.
$data merge entity $(head) {transformation: [-0.9939f,-0.0113f,0.1099f,0f,0.0033f,0.9913f,0.1319f,1.4026f,-0.1104f,0.1315f,-0.9852f,-12.4637f,0f,0f,0f,1f],start_interpolation: 0,interpolation_duration: 1}
$data merge entity $(right_arm) {transformation: [-0.9566f,0.2052f,-0.2071f,-0.2494f,-0.0216f,0.6587f,0.7521f,-1022.6023f,0.2907f,0.7239f,-0.6257f,-12.4482f,0f,0f,0f,1f],start_interpolation: 0,interpolation_duration: 1}
$data merge entity $(left_arm) {transformation: [-0.9734f,-0.0951f,0.2087f,0.2454f,-0.1975f,0.81f,-0.5521f,-2046.6332f,-0.1165f,-0.5786f,-0.8072f,-12.5576f,0f,0f,0f,1f],start_interpolation: 0,interpolation_duration: 1}
$data merge entity $(torso) {transformation: [-0.9979f,0f,-0.0654f,0f,-0.0197f,0.9535f,0.3007f,-3070.5974f,0.0624f,0.3013f,-0.9515f,-12.4637f,0f,0f,0f,1f],start_interpolation: 0,interpolation_duration: 1}
$data merge entity $(right_leg) {transformation: [-0.9848f,0.0996f,0.1422f,-0.125f,0.0522f,0.9511f,-0.3044f,-4095.3125f,-0.1656f,-0.2924f,-0.9418f,-12.6272f,0f,0f,0f,1f],start_interpolation: 0,interpolation_duration: 1}
$data merge entity $(left_leg) {transformation: [-0.9997f,0.0059f,-0.022f,0.125f,-0.0181f,0.3818f,0.9241f,-5119.3125f,0.0138f,0.9242f,-0.3816f,-12.6897f,0f,0f,0f,1f],start_interpolation: 0,interpolation_duration: 1}
$data merge entity $(door) {transformation: [-2f,0f,0f,0f,0f,2f,0f,2.8467f,0f,0f,-2f,0f,0f,0f,0f,1f],start_interpolation: 0,interpolation_duration: 1}
data modify storage animated_java:temp entry.data merge value {"cameras":{"camera":{"px":0.20833333333333406,"py":2.377314814814815,"pz":-5.747685185185185,"ry":176.83514638776376,"rx":6.869239518085865}},"locators":{}}
# Data Manager: Write
function animated_java:global/data_manager/write with storage animated_java:temp args