# This file was generated by Animated Java via MC-Build. It is not recommended to edit this file directly.
$data merge entity $(head) {transformation: [-0.9999f,0.0126f,0.0004f,0f,0.0125f,0.9976f,-0.0674f,1.435f,-0.0013f,-0.0674f,-0.9977f,-5.4667f,0f,0f,0f,1f],start_interpolation: 0,interpolation_duration: 1}
$data merge entity $(right_arm) {transformation: [-0.9998f,-0.0068f,0.0209f,-0.25f,-0.0079f,0.9985f,-0.0535f,-1022.565f,-0.0205f,-0.0537f,-0.9983f,-5.4667f,0f,0f,0f,1f],start_interpolation: 0,interpolation_duration: 1}
$data merge entity $(left_arm) {transformation: [-0.9995f,0.0313f,0.0045f,0.25f,0.0297f,0.9783f,-0.2051f,-2046.565f,-0.0108f,-0.2048f,-0.9787f,-5.4667f,0f,0f,0f,1f],start_interpolation: 0,interpolation_duration: 1}
$data merge entity $(torso) {transformation: [-1f,0f,0f,0f,0f,0.9983f,-0.0589f,-3070.565f,0f,-0.0589f,-0.9983f,-5.4667f,0f,0f,0f,1f],start_interpolation: 0,interpolation_duration: 1}
$data merge entity $(right_leg) {transformation: [-1f,-0.0042f,-0.0038f,-0.125f,-0.0038f,0.9968f,-0.08f,-4095.2513f,0.0041f,-0.08f,-0.9968f,-5.4262f,0f,0f,0f,1f],start_interpolation: 0,interpolation_duration: 1}
$data merge entity $(left_leg) {transformation: [-1f,0.0042f,0.0012f,0.125f,0.0042f,0.9991f,-0.0433f,-5119.2513f,-0.0013f,-0.0433f,-0.9991f,-5.4262f,0f,0f,0f,1f],start_interpolation: 0,interpolation_duration: 1}
$data merge entity $(door) {transformation: [-2f,0f,0f,0f,0f,2f,0f,2.8342f,0f,0f,-2f,0f,0f,0f,0f,1f],start_interpolation: 0,interpolation_duration: 1}
data modify storage animated_java:temp entry.data merge value {"cameras":{"camera":{"px":9.306826435541368e-16,"py":3.5936159709207995,"pz":-7.5996005068736086,"ry":0,"rx":13.138151357742089}},"locators":{}}
# Data Manager: Write
function animated_java:global/data_manager/write with storage animated_java:temp args