# This file was generated by Animated Java via MC-Build. It is not recommended to edit this file directly.
$data merge entity $(head) {transformation: [-0.9999f,0.0157f,0.0005f,0f,0.0157f,0.9974f,-0.0702f,1.435f,-0.0016f,-0.0701f,-0.9975f,-5.4215f,0f,0f,0f,1f],start_interpolation: 0,interpolation_duration: 1}
$data merge entity $(right_arm) {transformation: [-0.9996f,-0.0096f,0.0261f,-0.25f,-0.011f,0.9986f,-0.0525f,-1022.565f,-0.0256f,-0.0528f,-0.9983f,-5.4215f,0f,0f,0f,1f],start_interpolation: 0,interpolation_duration: 1}
$data merge entity $(left_arm) {transformation: [-0.9992f,0.0409f,0.0054f,0.25f,0.0383f,0.9694f,-0.2423f,-2046.565f,-0.0151f,-0.2419f,-0.9702f,-5.4215f,0f,0f,0f,1f],start_interpolation: 0,interpolation_duration: 1}
$data merge entity $(torso) {transformation: [-1f,0f,0f,0f,0f,0.9983f,-0.0589f,-3070.565f,0f,-0.0589f,-0.9983f,-5.4215f,0f,0f,0f,1f],start_interpolation: 0,interpolation_duration: 1}
$data merge entity $(right_leg) {transformation: [-1f,-0.0058f,-0.0052f,-0.125f,-0.0053f,0.9963f,-0.0853f,-4095.2513f,0.0056f,-0.0853f,-0.9963f,-5.381f,0f,0f,0f,1f],start_interpolation: 0,interpolation_duration: 1}
$data merge entity $(left_leg) {transformation: [-1f,0.0042f,0.0012f,0.125f,0.0042f,0.9991f,-0.0433f,-5119.2513f,-0.0013f,-0.0433f,-0.9991f,-5.381f,0f,0f,0f,1f],start_interpolation: 0,interpolation_duration: 1}
$data merge entity $(door) {transformation: [-2f,0f,0f,0f,0f,2f,0f,2.8342f,0f,0f,-2f,0f,0f,0f,0f,1f],start_interpolation: 0,interpolation_duration: 1}
data modify storage animated_java:temp entry.data merge value {"cameras":{"camera":{"px":9.260682710913463e-16,"py":3.5863715277777777,"pz":-7.561921296296296,"ry":0,"rx":13.28703703703704}},"locators":{}}
# Data Manager: Write
function animated_java:global/data_manager/write with storage animated_java:temp args