# This file was generated by Animated Java via MC-Build. It is not recommended to edit this file directly.
$data merge entity $(head) {transformation: [-0.9793f,-0.0293f,0.2004f,-0.0157f,0.0229f,0.9671f,0.2534f,0.7397f,-0.2012f,0.2527f,-0.9464f,-0.9154f,0f,0f,0f,1f],start_interpolation: 0,interpolation_duration: 1}
$data merge entity $(right_arm) {transformation: [-0.9159f,0.1691f,0.364f,-0.263f,0.1118f,0.9785f,-0.1733f,-1023.35f,-0.3855f,-0.118f,-0.9151f,-0.9784f,0f,0f,0f,1f],start_interpolation: 0,interpolation_duration: 1}
$data merge entity $(left_arm) {transformation: [-0.8913f,-0.1071f,-0.4406f,0.2364f,0.0139f,0.9648f,-0.2626f,-2047.3433f,0.4533f,-0.2402f,-0.8584f,-1.0208f,0f,0f,0f,1f],start_interpolation: 0,interpolation_duration: 1}
$data merge entity $(torso) {transformation: [-0.9979f,-0.0209f,-0.0619f,-0.0157f,-0.0577f,0.7287f,0.6824f,-3071.2603f,0.0308f,0.6845f,-0.7283f,-0.9154f,0f,0f,0f,1f],start_interpolation: 0,interpolation_duration: 1}
$data merge entity $(right_leg) {transformation: [-0.9705f,0.1537f,-0.186f,-0.125f,-0.0421f,0.6511f,0.7578f,-4095.8069f,0.2375f,0.7433f,-0.6254f,-1.4288f,0f,0f,0f,1f],start_interpolation: 0,interpolation_duration: 1}
$data merge entity $(left_leg) {transformation: [-0.9674f,-0.2384f,0.085f,0.125f,0.0226f,0.2532f,0.9671f,-5119.7746f,-0.2521f,0.9376f,-0.2396f,-1.4619f,0f,0f,0f,1f],start_interpolation: 0,interpolation_duration: 1}
data modify storage animated_java:temp entry.data merge value {"cameras":{"camera":{"px":0.008825231481482189,"py":1.781105324074074,"pz":-4.632957175925926,"ry":359.39706814299115,"rx":2.4978021442436003}},"locators":{}}
# Data Manager: Write
function animated_java:global/data_manager/write with storage animated_java:temp args