# This file was generated by Animated Java via MC-Build. It is not recommended to edit this file directly.
$data merge entity $(head) {transformation: [-0.979f,-0.0418f,0.1994f,-0.0163f,0.0104f,0.9672f,0.2538f,0.7952f,-0.2034f,0.2506f,-0.9465f,-0.9049f,0f,0f,0f,1f],start_interpolation: 0,interpolation_duration: 1}
$data merge entity $(right_arm) {transformation: [-0.9138f,0.1568f,0.3748f,-0.2636f,0.108f,0.9831f,-0.148f,-1023.2957f,-0.3916f,-0.0947f,-0.9152f,-0.9633f,0f,0f,0f,1f],start_interpolation: 0,interpolation_duration: 1}
$data merge entity $(left_arm) {transformation: [-0.8911f,-0.074f,-0.4477f,0.2359f,0.0291f,0.9753f,-0.219f,-2047.2881f,0.4528f,-0.2082f,-0.8669f,-1.0002f,0f,0f,0f,1f],start_interpolation: 0,interpolation_duration: 1}
$data merge entity $(torso) {transformation: [-0.9979f,-0.0217f,-0.0617f,-0.0163f,-0.0568f,0.7551f,0.6531f,-3071.2048f,0.0324f,0.6552f,-0.7547f,-0.9049f,0f,0f,0f,1f],start_interpolation: 0,interpolation_duration: 1}
$data merge entity $(right_leg) {transformation: [-0.9697f,0.1505f,-0.1923f,-0.125f,-0.0369f,0.6881f,0.7247f,-4095.7712f,0.2414f,0.7098f,-0.6617f,-1.3963f,0f,0f,0f,1f],start_interpolation: 0,interpolation_duration: 1}
$data merge entity $(left_leg) {transformation: [-0.967f,-0.2372f,0.0928f,0.125f,0.0152f,0.3098f,0.9507f,-5119.7429f,-0.2543f,0.9207f,-0.296f,-1.4269f,0f,0f,0f,1f],start_interpolation: 0,interpolation_duration: 1}
data modify storage animated_java:temp entry.data merge value {"cameras":{"camera":{"px":-0.01104962384259177,"py":1.8353768807870368,"pz":-4.634132667824074,"ry":359.5757480506197,"rx":2.4994238405531517}},"locators":{}}
# Data Manager: Write
function animated_java:global/data_manager/write with storage animated_java:temp args