# This file was generated by Animated Java via MC-Build. It is not recommended to edit this file directly.
$data merge entity $(head) {transformation: [-0.9788f,-0.0532f,0.1978f,-0.0167f,-0.0018f,0.9679f,0.2513f,0.8532f,-0.2048f,0.2456f,-0.9475f,-0.8916f,0f,0f,0f,1f],start_interpolation: 0,interpolation_duration: 1}
$data merge entity $(right_arm) {transformation: [-0.9119f,0.1521f,0.3811f,-0.264f,0.1017f,0.9836f,-0.1492f,-1023.2387f,-0.3975f,-0.0973f,-0.9124f,-0.9456f,0f,0f,0f,1f],start_interpolation: 0,interpolation_duration: 1}
$data merge entity $(left_arm) {transformation: [-0.8911f,-0.048f,-0.4513f,0.2355f,0.0457f,0.9798f,-0.1945f,-2047.2304f,0.4515f,-0.1939f,-0.8709f,-0.9783f,0f,0f,0f,1f],start_interpolation: 0,interpolation_duration: 1}
$data merge entity $(torso) {transformation: [-0.9979f,-0.0223f,-0.0615f,-0.0167f,-0.0558f,0.7803f,0.6229f,-3071.1468f,0.034f,0.625f,-0.7799f,-0.8916f,0f,0f,0f,1f],start_interpolation: 0,interpolation_duration: 1}
$data merge entity $(right_leg) {transformation: [-0.9688f,0.1485f,-0.1983f,-0.125f,-0.0317f,0.7196f,0.6936f,-4095.7321f,0.2457f,0.6783f,-0.6925f,-1.3604f,0f,0f,0f,1f],start_interpolation: 0,interpolation_duration: 1}
$data merge entity $(left_leg) {transformation: [-0.9659f,-0.2391f,0.0989f,0.125f,0.006f,0.3616f,0.9323f,-5119.7078f,-0.2587f,0.9012f,-0.3478f,-1.3882f,0f,0f,0f,1f],start_interpolation: 0,interpolation_duration: 1}
data modify storage animated_java:temp entry.data merge value {"cameras":{"camera":{"px":5.663991446056508e-16,"py":1.875,"pz":-4.625,"ry":0,"rx":2.5000000000000044}},"locators":{}}
# Data Manager: Write
function animated_java:global/data_manager/write with storage animated_java:temp args