# This file was generated by Animated Java via MC-Build. It is not recommended to edit this file directly.
$data merge entity $(head) {transformation: [-0.9783f,-0.0646f,0.1969f,-0.0182f,-0.0197f,0.9748f,0.222f,0.9152f,-0.2063f,0.2133f,-0.955f,-0.909f,0f,0f,0f,1f],start_interpolation: 0,interpolation_duration: 1}
$data merge entity $(right_arm) {transformation: [-0.9082f,0.1893f,0.3734f,-0.2653f,0.0917f,0.9603f,-0.2636f,-1023.1788f,-0.4084f,-0.2052f,-0.8894f,-0.9564f,0f,0f,0f,1f],start_interpolation: 0,interpolation_duration: 1}
$data merge entity $(left_arm) {transformation: [-0.894f,-0.0091f,-0.448f,0.2343f,0.0766f,0.982f,-0.1729f,-2047.1713f,0.4415f,-0.1889f,-0.8771f,-0.9869f,0f,0f,0f,1f],start_interpolation: 0,interpolation_duration: 1}
$data merge entity $(torso) {transformation: [-0.9979f,-0.0243f,-0.0607f,-0.0182f,-0.0547f,0.8185f,0.5718f,-3071.0848f,0.0358f,0.5739f,-0.8181f,-0.909f,0f,0f,0f,1f],start_interpolation: 0,interpolation_duration: 1}
$data merge entity $(right_leg) {transformation: [-0.9667f,0.1492f,-0.208f,-0.125f,-0.028f,0.7461f,0.6653f,-4095.6987f,0.2545f,0.649f,-0.717f,-1.3395f,0f,0f,0f,1f],start_interpolation: 0,interpolation_duration: 1}
$data merge entity $(left_leg) {transformation: [-0.9647f,-0.2427f,0.1019f,0.125f,-0.0044f,0.4017f,0.9158f,-5119.6784f,-0.2632f,0.883f,-0.3886f,-1.3644f,0f,0f,0f,1f],start_interpolation: 0,interpolation_duration: 1}
data modify storage animated_java:temp entry.data merge value {"cameras":{"camera":{"px":0.04291885800150301,"py":1.90059166040571,"pz":-4.6040570999248684,"ry":1.7129977460555779,"rx":2.5000000000000036}},"locators":{}}
# Data Manager: Write
function animated_java:global/data_manager/write with storage animated_java:temp args