# This file was generated by Animated Java via MC-Build. It is not recommended to edit this file directly.
$data merge entity $(right_arm) {transformation: [-0.4967f,0.7094f,0.5f,-0.25f,0.4102f,0.6996f,-0.5851f,-1023.0288f,-0.7649f,-0.0855f,-0.6385f,-4.7473f,0f,0f,0f,1f],start_interpolation: 0,interpolation_duration: 1}
$data merge entity $(left_arm) {transformation: [-0.0851f,-0.9726f,-0.2164f,0.25f,0.6548f,0.1091f,-0.7479f,-2047.0288f,0.751f,-0.2054f,0.6276f,-4.7473f,0f,0f,0f,1f],start_interpolation: 0,interpolation_duration: 1}
$data merge entity $(torso) {transformation: [-1f,0f,0f,0f,0f,0.6756f,-0.7373f,-3071.0288f,0f,-0.7373f,-0.6756f,-4.7473f,0f,0f,0f,1f],start_interpolation: 0,interpolation_duration: 1}
$data merge entity $(right_leg) {transformation: [-0.7925f,0.5373f,0.2885f,-0.125f,-0.0438f,0.4217f,-0.9057f,-4095.4933f,-0.6083f,-0.7304f,-0.3107f,-4.2405f,0f,0f,0f,1f],start_interpolation: 0,interpolation_duration: 1}
$data merge entity $(left_leg) {transformation: [-0.866f,-0.5f,0f,0.125f,-0.2309f,0.3999f,-0.887f,-5119.4933f,0.4435f,-0.7682f,-0.4617f,-4.2405f,0f,0f,0f,1f],start_interpolation: 0,interpolation_duration: 1}