# This file was generated by Animated Java via MC-Build. It is not recommended to edit this file directly.
$data merge entity $(head) {transformation: [-0.9782f,-0.0732f,0.1944f,-0.0181f,-0.03f,0.9757f,0.2169f,0.9667f,-0.2056f,0.2064f,-0.9566f,-0.9046f,0f,0f,0f,1f],start_interpolation: 0,interpolation_duration: 1}
$data merge entity $(right_arm) {transformation: [-0.9073f,0.278f,0.3156f,-0.2652f,0.0826f,0.8535f,-0.5146f,-1023.1274f,-0.4124f,-0.4408f,-0.7973f,-0.9479f,0f,0f,0f,1f],start_interpolation: 0,interpolation_duration: 1}
$data merge entity $(left_arm) {transformation: [-0.8998f,-0.0119f,-0.4362f,0.2343f,0.0996f,0.9677f,-0.2318f,-2047.12f,0.4248f,-0.252f,-0.8695f,-0.977f,0f,0f,0f,1f],start_interpolation: 0,interpolation_duration: 1}
$data merge entity $(torso) {transformation: [-0.9979f,-0.0241f,-0.0608f,-0.0181f,-0.0534f,0.8374f,0.5439f,-3071.0333f,0.0378f,0.546f,-0.8369f,-0.9046f,0f,0f,0f,1f],start_interpolation: 0,interpolation_duration: 1}
$data merge entity $(right_leg) {transformation: [-0.9635f,0.1555f,-0.2181f,-0.125f,-0.0242f,0.7605f,0.6489f,-4095.6614f,0.2667f,0.6304f,-0.729f,-1.3141f,0f,0f,0f,1f],start_interpolation: 0,interpolation_duration: 1}
$data merge entity $(left_leg) {transformation: [-0.9631f,-0.2484f,0.1041f,0.125f,-0.0166f,0.4407f,0.8975f,-5119.6448f,-0.2688f,0.8626f,-0.4286f,-1.3359f,0f,0f,0f,1f],start_interpolation: 0,interpolation_duration: 1}
data modify storage animated_java:temp entry.data merge value {"cameras":{"camera":{"px":0.10729714500375737,"py":1.9113448534936137,"pz":-4.57729151014275,"ry":4.034560480841492,"rx":2.5000000000000036}},"locators":{}}
# Data Manager: Write
function animated_java:global/data_manager/write with storage animated_java:temp args