# This file was generated by Animated Java via MC-Build. It is not recommended to edit this file directly.
$data merge entity $(head) {transformation: [-0.9785f,-0.0789f,0.1907f,-0.0165f,-0.0324f,0.9714f,0.2354f,1.0087f,-0.2038f,0.2241f,-0.953f,-0.8791f,0f,0f,0f,1f],start_interpolation: 0,interpolation_duration: 1}
$data merge entity $(right_arm) {transformation: [-0.9086f,0.3651f,0.2029f,-0.2639f,0.0789f,0.627f,-0.775f,-1023.0838f,-0.4102f,-0.6881f,-0.5985f,-0.9206f,0f,0f,0f,1f],start_interpolation: 0,interpolation_duration: 1}
$data merge entity $(left_arm) {transformation: [-0.9065f,-0.0371f,-0.4205f,0.2357f,0.1132f,0.9383f,-0.3268f,-2047.0764f,0.4067f,-0.3438f,-0.8464f,-0.9491f,0f,0f,0f,1f],start_interpolation: 0,interpolation_duration: 1}
$data merge entity $(torso) {transformation: [-0.9979f,-0.022f,-0.0616f,-0.0165f,-0.0519f,0.8395f,0.5408f,-3070.9913f,0.0398f,0.5428f,-0.8389f,-0.8791f,0f,0f,0f,1f],start_interpolation: 0,interpolation_duration: 1}
$data merge entity $(right_leg) {transformation: [-0.9593f,0.1666f,-0.2278f,-0.125f,-0.0195f,0.7663f,0.6422f,-4095.621f,0.2816f,0.6205f,-0.7319f,-1.2862f,0f,0f,0f,1f],start_interpolation: 0,interpolation_duration: 1}
$data merge entity $(left_leg) {transformation: [-0.961f,-0.2555f,0.1059f,0.125f,-0.0308f,0.4793f,0.8771f,-5119.608f,-0.2749f,0.8397f,-0.4684f,-1.3047f,0f,0f,0f,1f],start_interpolation: 0,interpolation_duration: 1}
data modify storage animated_java:temp entry.data merge value {"cameras":{"camera":{"px":0.19031743050338146,"py":1.9104996243425996,"pz":-4.547661532682194,"ry":6.82945154019535,"rx":2.5000000000000036}},"locators":{}}
# Data Manager: Write
function animated_java:global/data_manager/write with storage animated_java:temp args