# This file was generated by Animated Java via MC-Build. It is not recommended to edit this file directly.
$data merge entity $(head) {transformation: [-0.9791f,-0.0811f,0.1863f,-0.0133f,-0.027f,0.9606f,0.2764f,1.0403f,-0.2014f,0.2656f,-0.9428f,-0.8342f,0f,0f,0f,1f],start_interpolation: 0,interpolation_duration: 1}
$data merge entity $(right_arm) {transformation: [-0.9112f,0.4071f,0.0629f,-0.2611f,0.0848f,0.3348f,-0.9385f,-1023.049f,-0.4031f,-0.8498f,-0.3395f,-0.8763f,0f,0f,0f,1f],start_interpolation: 0,interpolation_duration: 1}
$data merge entity $(left_arm) {transformation: [-0.9126f,-0.0671f,-0.4034f,0.2383f,0.117f,0.9024f,-0.4148f,-2047.0413f,0.3918f,-0.4257f,-0.8156f,-0.905f,0f,0f,0f,1f],start_interpolation: 0,interpolation_duration: 1}
$data merge entity $(torso) {transformation: [-0.9979f,-0.0178f,-0.0629f,-0.0133f,-0.0502f,0.8252f,0.5625f,-3070.9597f,0.0419f,0.5645f,-0.8244f,-0.8342f,0f,0f,0f,1f],start_interpolation: 0,interpolation_duration: 1}
$data merge entity $(right_leg) {transformation: [-0.9544f,0.1819f,-0.2366f,-0.125f,-0.0133f,0.766f,0.6427f,-4095.5786f,0.2981f,0.6165f,-0.7287f,-1.2576f,0f,0f,0f,1f],start_interpolation: 0,interpolation_duration: 1}
$data merge entity $(left_leg) {transformation: [-0.9586f,-0.2637f,0.1074f,0.125f,-0.0468f,0.5179f,0.8542f,-5119.5689f,-0.2809f,0.8138f,-0.5088f,-1.2729f,0f,0f,0f,1f],start_interpolation: 0,interpolation_duration: 1}
data modify storage animated_java:temp entry.data merge value {"cameras":{"camera":{"px":0.2891622839969949,"py":1.9012960180315552,"pz":-4.518125469571751,"ry":9.962434259954904,"rx":2.5000000000000027}},"locators":{}}
# Data Manager: Write
function animated_java:global/data_manager/write with storage animated_java:temp args