# This file was generated by Animated Java via MC-Build. It is not recommended to edit this file directly.
$data merge entity $(head) {transformation: [-0.9801f,-0.0797f,0.1816f,-0.0085f,-0.0138f,0.9408f,0.3386f,1.0592f,-0.1978f,0.3293f,-0.9233f,-0.7731f,0f,0f,0f,1f],start_interpolation: 0,interpolation_duration: 1}
$data merge entity $(right_arm) {transformation: [-0.9142f,0.4014f,-0.0554f,-0.2569f,0.1035f,0.099f,-0.9897f,-1023.0252f,-0.3918f,-0.9105f,-0.132f,-0.8177f,0f,0f,0f,1f],start_interpolation: 0,interpolation_duration: 1}
$data merge entity $(left_arm) {transformation: [-0.9165f,-0.0879f,-0.3902f,0.2425f,0.1104f,0.8821f,-0.4579f,-2047.0173f,0.3844f,-0.4628f,-0.7988f,-0.8473f,0f,0f,0f,1f],start_interpolation: 0,interpolation_duration: 1}
$data merge entity $(torso) {transformation: [-0.9979f,-0.0113f,-0.0644f,-0.0085f,-0.0482f,0.7927f,0.6077f,-3070.9408f,0.0442f,0.6095f,-0.7916f,-0.7731f,0f,0f,0f,1f],start_interpolation: 0,interpolation_duration: 1}
$data merge entity $(right_leg) {transformation: [-0.949f,0.2004f,-0.2435f,-0.125f,-0.0052f,0.7622f,0.6473f,-4095.5353f,0.3153f,0.6155f,-0.7223f,-1.2302f,0f,0f,0f,1f],start_interpolation: 0,interpolation_duration: 1}
$data merge entity $(left_leg) {transformation: [-0.956f,-0.2726f,0.1088f,0.125f,-0.0647f,0.5571f,0.8279f,-5119.5284f,-0.2863f,0.7844f,-0.5502f,-1.2422f,0f,0f,0f,1f],start_interpolation: 0,interpolation_duration: 1}
data modify storage animated_java:temp entry.data merge value {"cameras":{"camera":{"px":0.4010142749812177,"py":1.8869740796393688,"pz":-4.49164162283997,"ry":13.298271975957931,"rx":2.500000000000002}},"locators":{}}
# Data Manager: Write
function animated_java:global/data_manager/write with storage animated_java:temp args