# This file was generated by Animated Java via MC-Build. It is not recommended to edit this file directly.
$data merge entity $(head) {transformation: [-0.9812f,-0.0757f,0.1773f,-0.0018f,-0.008f,0.9349f,0.3548f,1.111f,-0.1927f,0.3467f,-0.918f,-0.776f,0f,0f,0f,1f],start_interpolation: 0,interpolation_duration: 1}
$data merge entity $(right_arm) {transformation: [-0.9166f,0.3831f,-0.1145f,-0.251f,0.1149f,-0.0218f,-0.9931f,-1022.9695f,-0.383f,-0.9234f,-0.024f,-0.8199f,0f,0f,0f,1f],start_interpolation: 0,interpolation_duration: 1}
$data merge entity $(left_arm) {transformation: [-0.9173f,-0.0882f,-0.3882f,0.2482f,0.1151f,0.8748f,-0.4706f,-2046.9632f,0.3811f,-0.4764f,-0.7923f,-0.8515f,0f,0f,0f,1f],start_interpolation: 0,interpolation_duration: 1}
$data merge entity $(torso) {transformation: [-0.9979f,-0.0024f,-0.0653f,-0.0018f,-0.0428f,0.7786f,0.6261f,-3070.889f,0.0494f,0.6276f,-0.777f,-0.776f,0f,0f,0f,1f],start_interpolation: 0,interpolation_duration: 1}
$data merge entity $(right_leg) {transformation: [-0.9432f,0.2208f,-0.2483f,-0.125f,0.0271f,0.7959f,0.6048f,-4095.4729f,0.3312f,0.5637f,-0.7566f,-1.2467f,0f,0f,0f,1f],start_interpolation: 0,interpolation_duration: 1}
$data merge entity $(left_leg) {transformation: [-0.9532f,-0.2816f,0.1103f,0.125f,-0.1031f,0.6453f,0.7569f,-5119.4689f,-0.2843f,0.7101f,-0.6441f,-1.2559f,0f,0f,0f,1f],start_interpolation: 0,interpolation_duration: 1}
data modify storage animated_java:temp entry.data merge value {"cameras":{"camera":{"px":0.5230559729526677,"py":1.8707738542449286,"pz":-4.471168294515402,"ry":16.701728024042097,"rx":2.500000000000002}},"locators":{}}
# Data Manager: Write
function animated_java:global/data_manager/write with storage animated_java:temp args