# This file was generated by Animated Java via MC-Build. It is not recommended to edit this file directly.
$data merge entity $(head) {transformation: [-0.9826f,-0.0541f,0.1776f,0.0078f,0.0102f,0.9394f,0.3426f,1.145f,-0.1854f,0.3385f,-0.9225f,-0.7883f,0f,0f,0f,1f],start_interpolation: 0,interpolation_duration: 1}
$data merge entity $(right_arm) {transformation: [-0.9182f,0.3763f,-0.1235f,-0.2426f,0.1423f,0.0225f,-0.9896f,-1022.9294f,-0.3696f,-0.9262f,-0.0742f,-0.8331f,0f,0f,0f,1f],start_interpolation: 0,interpolation_duration: 1}
$data merge entity $(left_arm) {transformation: [-0.9135f,-0.0753f,-0.3997f,0.2564f,0.1086f,0.9019f,-0.4181f,-2046.9258f,0.392f,-0.4254f,-0.8157f,-0.8672f,0f,0f,0f,1f],start_interpolation: 0,interpolation_duration: 1}
$data merge entity $(torso) {transformation: [-0.9979f,0.0103f,-0.0646f,0.0078f,-0.0353f,0.7457f,0.6653f,-3070.855f,0.055f,0.6662f,-0.7438f,-0.7883f,0f,0f,0f,1f],start_interpolation: 0,interpolation_duration: 1}
$data merge entity $(right_leg) {transformation: [-0.9374f,0.2417f,-0.2509f,-0.125f,0.0724f,0.8396f,0.5384f,-4095.4143f,0.3408f,0.4865f,-0.8045f,-1.2879f,0f,0f,0f,1f],start_interpolation: 0,interpolation_duration: 1}
$data merge entity $(left_leg) {transformation: [-0.9504f,-0.2903f,0.112f,0.125f,-0.1497f,0.7421f,0.6534f,-5119.4125f,-0.2728f,0.6042f,-0.7487f,-1.2944f,0f,0f,0f,1f],start_interpolation: 0,interpolation_duration: 1}
data modify storage animated_java:temp entry.data merge value {"cameras":{"camera":{"px":0.652469947407965,"py":1.8559353869271225,"pz":-4.459663786626597,"ry":20.037565740045125,"rx":2.500000000000002}},"locators":{}}
# Data Manager: Write
function animated_java:global/data_manager/write with storage animated_java:temp args