# This file was generated by Animated Java via MC-Build. It is not recommended to edit this file directly.
$data merge entity $(head) {transformation: [-0.9999f,0.0153f,0.0005f,0f,0.0152f,0.9965f,-0.082f,1.4339f,-0.0018f,-0.082f,-0.9966f,-5.4457f,0f,0f,0f,1f],start_interpolation: 0,interpolation_duration: 1}
$data merge entity $(right_arm) {transformation: [-0.9996f,-0.0092f,0.0253f,-0.25f,-0.0108f,0.9978f,-0.0649f,-1022.5661f,-0.0247f,-0.0651f,-0.9976f,-5.4457f,0f,0f,0f,1f],start_interpolation: 0,interpolation_duration: 1}
$data merge entity $(left_arm) {transformation: [-0.9992f,0.0394f,0.0053f,0.25f,0.0369f,0.9679f,-0.2487f,-2046.5661f,-0.0149f,-0.2483f,-0.9686f,-5.4457f,0f,0f,0f,1f],start_interpolation: 0,interpolation_duration: 1}
$data merge entity $(torso) {transformation: [-1f,0f,0f,0f,0f,0.9975f,-0.0711f,-3070.5661f,0f,-0.0711f,-0.9975f,-5.4457f,0f,0f,0f,1f],start_interpolation: 0,interpolation_duration: 1}
$data merge entity $(right_leg) {transformation: [-1f,-0.0055f,-0.005f,-0.125f,-0.005f,0.9953f,-0.0967f,-4095.2519f,0.0055f,-0.0967f,-0.9953f,-5.3968f,0f,0f,0f,1f],start_interpolation: 0,interpolation_duration: 1}
$data merge entity $(left_leg) {transformation: [-1f,0.0056f,0.0015f,0.125f,0.0055f,0.9986f,-0.0519f,-5119.2519f,-0.0018f,-0.0519f,-0.9987f,-5.3968f,0f,0f,0f,1f],start_interpolation: 0,interpolation_duration: 1}
$data merge entity $(door) {transformation: [-2f,0f,0f,0f,0f,2f,0f,2.8412f,0f,0f,-2f,0f,0f,0f,0f,1f],start_interpolation: 0,interpolation_duration: 1}
data modify storage animated_java:temp entry.data merge value {"cameras":{"camera":{"px":9.26745250141833e-16,"py":3.5874278365426946,"pz":-7.567449249751594,"ry":0,"rx":13.265309972706806}},"locators":{}}
# Data Manager: Write
function animated_java:global/data_manager/write with storage animated_java:temp args