# This file was generated by Animated Java via MC-Build. It is not recommended to edit this file directly.
$data merge entity $(head) {transformation: [-0.9998f,0.0192f,0.0006f,0f,0.0191f,0.9962f,-0.0854f,1.4339f,-0.0022f,-0.0854f,-0.9963f,-5.3899f,0f,0f,0f,1f],start_interpolation: 0,interpolation_duration: 1}
$data merge entity $(right_arm) {transformation: [-0.9994f,-0.0129f,0.0318f,-0.25f,-0.0149f,0.9979f,-0.0637f,-1022.5661f,-0.0309f,-0.0641f,-0.9975f,-5.3899f,0f,0f,0f,1f],start_interpolation: 0,interpolation_duration: 1}
$data merge entity $(left_arm) {transformation: [-0.9987f,0.0516f,0.0057f,0.25f,0.0476f,0.9545f,-0.2943f,-2046.5661f,-0.0206f,-0.2936f,-0.9557f,-5.3899f,0f,0f,0f,1f],start_interpolation: 0,interpolation_duration: 1}
$data merge entity $(torso) {transformation: [-1f,0f,0f,0f,0f,0.9975f,-0.0711f,-3070.5661f,0f,-0.0711f,-0.9975f,-5.3899f,0f,0f,0f,1f],start_interpolation: 0,interpolation_duration: 1}
$data merge entity $(right_leg) {transformation: [-0.9999f,-0.0076f,-0.0068f,-0.125f,-0.0069f,0.9946f,-0.1032f,-4095.2519f,0.0075f,-0.1032f,-0.9946f,-5.341f,0f,0f,0f,1f],start_interpolation: 0,interpolation_duration: 1}
$data merge entity $(left_leg) {transformation: [-1f,0.0056f,0.0015f,0.125f,0.0055f,0.9986f,-0.0519f,-5119.2519f,-0.0018f,-0.0519f,-0.9987f,-5.341f,0f,0f,0f,1f],start_interpolation: 0,interpolation_duration: 1}
$data merge entity $(door) {transformation: [-2f,0f,0f,0f,0f,2f,0f,2.8412f,0f,0f,-2f,0f,0f,0f,0f,1f],start_interpolation: 0,interpolation_duration: 1}
data modify storage animated_java:temp entry.data merge value {"cameras":{"camera":{"px":9.210523599700637e-16,"py":3.578597206147119,"pz":-7.520963273748285,"ry":0,"rx":13.447091478052128}},"locators":{}}
# Data Manager: Write
function animated_java:global/data_manager/write with storage animated_java:temp args