# This file was generated by Animated Java via MC-Build. It is not recommended to edit this file directly.
$data merge entity $(head) {transformation: [-0.9955f,-0.0078f,0.0941f,0f,0.0046f,0.9914f,0.1311f,1.4025f,-0.0943f,0.1309f,-0.9869f,-12.3084f,0f,0f,0f,1f],start_interpolation: 0,interpolation_duration: 1}
$data merge entity $(right_arm) {transformation: [-0.9633f,0.1726f,-0.2054f,-0.25f,0.0011f,0.7681f,0.6403f,-1022.6051f,0.2683f,0.6166f,-0.7402f,-12.3058f,0f,0f,0f,1f],start_interpolation: 0,interpolation_duration: 1}
$data merge entity $(left_arm) {transformation: [-0.9775f,-0.1095f,0.1802f,0.2476f,-0.1772f,0.89f,-0.4201f,-2046.6325f,-0.1144f,-0.4426f,-0.8894f,-12.3831f,0f,0f,0f,1f],start_interpolation: 0,interpolation_duration: 1}
$data merge entity $(torso) {transformation: [-0.999f,0.0001f,-0.045f,0f,-0.0135f,0.9534f,0.3014f,-3070.5975f,0.0429f,0.3017f,-0.9524f,-12.3084f,0f,0f,0f,1f],start_interpolation: 0,interpolation_duration: 1}
$data merge entity $(right_leg) {transformation: [-0.9848f,0.0766f,0.1559f,-0.125f,0.0522f,0.9866f,-0.1547f,-4095.306f,-0.1656f,-0.1442f,-0.9756f,-12.4852f,0f,0f,0f,1f],start_interpolation: 0,interpolation_duration: 1}
$data merge entity $(left_leg) {transformation: [-0.9997f,0.0119f,-0.0201f,0.125f,-0.0116f,0.4928f,0.8701f,-5119.3115f,0.0203f,0.8701f,-0.4925f,-12.5217f,0f,0f,0f,1f],start_interpolation: 0,interpolation_duration: 1}
$data merge entity $(door) {transformation: [-2f,0f,0f,0f,0f,2f,0f,2.8575f,0f,0f,-2f,0f,0f,0f,0f,1f],start_interpolation: 0,interpolation_duration: 1}
data modify storage animated_java:temp entry.data merge value {"cameras":{"camera":{"px":0.18904320987654402,"py":2.247599451303155,"pz":-5.618398491083676,"ry":177.13312999181997,"rx":5.045717129699157}},"locators":{}}
# Data Manager: Write
function animated_java:global/data_manager/write with storage animated_java:temp args