# This file was generated by Animated Java via MC-Build. It is not recommended to edit this file directly.
$data merge entity $(head) {transformation: [-0.9836f,-0.0224f,0.1791f,0.018f,0.0347f,0.9504f,0.3092f,1.1572f,-0.1771f,0.3103f,-0.934f,-0.8117f,0f,0f,0f,1f],start_interpolation: 0,interpolation_duration: 1}
$data merge entity $(right_arm) {transformation: [-0.9189f,0.3764f,-0.1183f,-0.2335f,0.1737f,0.1166f,-0.9779f,-1022.91f,-0.3543f,-0.9191f,-0.1725f,-0.858f,0f,0f,0f,1f],start_interpolation: 0,interpolation_duration: 1}
$data merge entity $(left_arm) {transformation: [-0.9078f,-0.0569f,-0.4154f,0.2654f,0.1001f,0.9327f,-0.3465f,-2046.9097f,0.4072f,-0.3562f,-0.841f,-0.8945f,0f,0f,0f,1f],start_interpolation: 0,interpolation_duration: 1}
$data merge entity $(torso) {transformation: [-0.9979f,0.0241f,-0.0608f,0.018f,-0.0263f,0.7031f,0.7106f,-3070.8428f,0.0599f,0.7107f,-0.701f,-0.8117f,0f,0f,0f,1f],start_interpolation: 0,interpolation_duration: 1}
$data merge entity $(right_leg) {transformation: [-0.9319f,0.2613f,-0.2516f,-0.125f,0.1243f,0.8816f,0.4553f,-4095.3701f,0.3407f,0.393f,-0.8541f,-1.3447f,0f,0f,0f,1f],start_interpolation: 0,interpolation_duration: 1}
$data merge entity $(left_leg) {transformation: [-0.9476f,-0.2982f,0.1143f,0.125f,-0.1975f,0.8285f,0.5241f,-5119.3697f,-0.251f,0.4741f,-0.844f,-1.3486f,0f,0f,0f,1f],start_interpolation: 0,interpolation_duration: 1}
data modify storage animated_java:temp entry.data merge value {"cameras":{"camera":{"px":0.7864387678437275,"py":1.8456987227648385,"pz":-4.460086401202104,"ry":23.170548459804678,"rx":2.500000000000002}},"locators":{}}
# Data Manager: Write
function animated_java:global/data_manager/write with storage animated_java:temp args