# This file was generated by Animated Java via MC-Build. It is not recommended to edit this file directly.
$data merge entity $(head) {transformation: [-0.9838f,0.0116f,0.179f,0.027f,0.059f,0.9634f,0.2615f,1.1516f,-0.1695f,0.2679f,-0.9484f,-0.8439f,0f,0f,0f,1f],start_interpolation: 0,interpolation_duration: 1}
$data merge entity $(right_arm) {transformation: [-0.9183f,0.3831f,-0.0994f,-0.2255f,0.2014f,0.2362f,-0.9506f,-1022.9086f,-0.3407f,-0.893f,-0.2941f,-0.8914f,0f,0f,0f,1f],start_interpolation: 0,interpolation_duration: 1}
$data merge entity $(left_arm) {transformation: [-0.9017f,-0.0342f,-0.431f,0.2733f,0.093f,0.9581f,-0.2708f,-2046.912f,0.4222f,-0.2843f,-0.8608f,-0.9294f,0f,0f,0f,1f],start_interpolation: 0,interpolation_duration: 1}
$data merge entity $(torso) {transformation: [-0.9979f,0.0361f,-0.0546f,0.027f,-0.017f,0.6622f,0.7491f,-3070.8484f,0.0631f,0.7484f,-0.6602f,-0.8439f,0f,0f,0f,1f],start_interpolation: 0,interpolation_duration: 1}
$data merge entity $(right_leg) {transformation: [-0.9272f,0.2779f,-0.2511f,-0.125f,0.1749f,0.9142f,0.3656f,-4095.345f,0.3312f,0.295f,-0.8963f,-1.4052f,0f,0f,0f,1f],start_interpolation: 0,interpolation_duration: 1}
$data merge entity $(left_leg) {transformation: [-0.9451f,-0.3049f,0.1174f,0.125f,-0.24f,0.8918f,0.3836f,-5119.3451f,-0.2216f,0.3344f,-0.916f,-1.407f,0f,0f,0f,1f],start_interpolation: 0,interpolation_duration: 1}
data modify storage animated_java:temp entry.data merge value {"cameras":{"camera":{"px":0.9221450037565742,"py":1.8433039068369648,"pz":-4.475394440270473,"ry":25.965439519158537,"rx":2.500000000000001}},"locators":{}}
# Data Manager: Write
function animated_java:global/data_manager/write with storage animated_java:temp args