# This file was generated by Animated Java via MC-Build. It is not recommended to edit this file directly.
$data merge entity $(head) {transformation: [-0.9834f,0.0397f,0.1771f,0.0333f,0.0767f,0.9753f,0.2072f,1.1414f,-0.1644f,0.2174f,-0.9621f,-0.8802f,0f,0f,0f,1f],start_interpolation: 0,interpolation_duration: 1}
$data merge entity $(right_arm) {transformation: [-0.9172f,0.3928f,-0.0663f,-0.2199f,0.2185f,0.357f,-0.9082f,-1022.9136f,-0.3331f,-0.8475f,-0.4133f,-0.9277f,0f,0f,0f,1f],start_interpolation: 0,interpolation_duration: 1}
$data merge entity $(left_arm) {transformation: [-0.8962f,-0.0099f,-0.4436f,0.2788f,0.092f,0.9739f,-0.2076f,-2046.9202f,0.4341f,-0.2269f,-0.8719f,-0.9662f,0f,0f,0f,1f],start_interpolation: 0,interpolation_duration: 1}
$data merge entity $(torso) {transformation: [-0.9979f,0.0444f,-0.048f,0.0333f,-0.0087f,0.6371f,0.7708f,-3070.8586f,0.0648f,0.7695f,-0.6353f,-0.8802f,0f,0f,0f,1f],start_interpolation: 0,interpolation_duration: 1}
$data merge entity $(right_leg) {transformation: [-0.9237f,0.2895f,-0.2508f,-0.125f,0.2165f,0.9347f,0.2817f,-4095.3364f,0.316f,0.206f,-0.9261f,-1.4573f,0f,0f,0f,1f],start_interpolation: 0,interpolation_duration: 1}
$data merge entity $(left_leg) {transformation: [-0.943f,-0.3098f,0.1214f,0.125f,-0.2727f,0.9286f,0.2516f,-5119.3364f,-0.1907f,0.2042f,-0.9602f,-1.4578f,0f,0f,0f,1f],start_interpolation: 0,interpolation_duration: 1}
data modify storage animated_java:temp entry.data merge value {"cameras":{"camera":{"px":1.0567712246431262,"py":1.8519909842223892,"pz":-4.508546205860256,"ry":28.287002253944422,"rx":2.5000000000000013}},"locators":{}}
# Data Manager: Write
function animated_java:global/data_manager/write with storage animated_java:temp args