# This file was generated by Animated Java via MC-Build. It is not recommended to edit this file directly.
$data merge entity $(head) {transformation: [-0.983f,0.0543f,0.1752f,0.0362f,0.0818f,0.9847f,0.154f,1.1459f,-0.1642f,0.1657f,-0.9724f,-0.9168f,0f,0f,0f,1f],start_interpolation: 0,interpolation_duration: 1}
$data merge entity $(right_arm) {transformation: [-0.9165f,0.3995f,-0.0195f,-0.2172f,0.2181f,0.4582f,-0.8617f,-1022.9071f,-0.3353f,-0.794f,-0.5071f,-0.9626f,0f,0f,0f,1f],start_interpolation: 0,interpolation_duration: 1}
$data merge entity $(left_arm) {transformation: [-0.8919f,0.0128f,-0.4521f,0.2814f,0.1024f,0.9794f,-0.1742f,-2046.9159f,0.4405f,-0.2017f,-0.8748f,-1.0006f,0f,0f,0f,1f],start_interpolation: 0,interpolation_duration: 1}
$data merge entity $(torso) {transformation: [-0.9979f,0.0482f,-0.0442f,0.0362f,-0.0029f,0.6424f,0.7664f,-3070.8541f,0.0653f,0.7649f,-0.6409f,-0.9168f,0f,0f,0f,1f],start_interpolation: 0,interpolation_duration: 1}
$data merge entity $(right_leg) {transformation: [-0.9219f,0.2945f,-0.2517f,-0.125f,0.2426f,0.9454f,0.2178f,-4095.3359f,0.3021f,0.1397f,-0.943f,-1.4904f,0f,0f,0f,1f],start_interpolation: 0,interpolation_duration: 1}
$data merge entity $(left_leg) {transformation: [-0.9414f,-0.3126f,0.1267f,0.125f,-0.2934f,0.9443f,0.1493f,-5119.3359f,-0.1663f,0.1034f,-0.9807f,-1.4904f,0f,0f,0f,1f],start_interpolation: 0,interpolation_duration: 1}
data modify storage animated_java:temp entry.data merge value {"cameras":{"camera":{"px":1.1875000000000007,"py":1.875,"pz":-4.5625,"ry":30,"rx":2.500000000000001}},"locators":{}}
# Data Manager: Write
function animated_java:global/data_manager/write with storage animated_java:temp args