# This file was generated by Animated Java via MC-Build. It is not recommended to edit this file directly.
$data merge entity $(head) {transformation: [-0.9827f,0.0546f,0.1768f,0.0354f,0.076f,0.9903f,0.1165f,1.159f,-0.1688f,0.128f,-0.9773f,-0.928f,0f,0f,0f,1f],start_interpolation: 0,interpolation_duration: 1}
$data merge entity $(right_arm) {transformation: [-0.917f,0.397f,0.0377f,-0.2178f,0.207f,0.5545f,-0.806f,-1022.8943f,-0.3409f,-0.7313f,-0.5907f,-0.9714f,0f,0f,0f,1f],start_interpolation: 0,interpolation_duration: 1}
$data merge entity $(left_arm) {transformation: [-0.8895f,0.0313f,-0.4559f,0.2808f,0.1122f,0.9821f,-0.1515f,-2046.9026f,0.443f,-0.186f,-0.877f,-1.0086f,0f,0f,0f,1f],start_interpolation: 0,interpolation_duration: 1}
$data merge entity $(torso) {transformation: [-0.9979f,0.0472f,-0.0453f,0.0354f,-0.0029f,0.6599f,0.7514f,-3070.841f,0.0653f,0.7499f,-0.6583f,-0.928f,0f,0f,0f,1f],start_interpolation: 0,interpolation_duration: 1}
$data merge entity $(right_leg) {transformation: [-0.9239f,0.2835f,-0.2569f,-0.125f,0.2273f,0.9469f,0.2272f,-4095.3359f,0.3076f,0.1515f,-0.9394f,-1.4904f,0f,0f,0f,1f],start_interpolation: 0,interpolation_duration: 1}
$data merge entity $(left_leg) {transformation: [-0.9396f,-0.3101f,0.1448f,0.125f,-0.2986f,0.9495f,0.0963f,-5119.3361f,-0.1674f,0.0473f,-0.9848f,-1.491f,0f,0f,0f,1f],start_interpolation: 0,interpolation_duration: 1}
data modify storage animated_java:temp entry.data merge value {"cameras":{"camera":{"px":1.278305007123958,"py":1.9002773254630574,"pz":-4.618881029920619,"ry":30.537349888052148,"rx":2.5000000000000013}},"locators":{}}
# Data Manager: Write
function animated_java:global/data_manager/write with storage animated_java:temp args