# This file was generated by Animated Java via MC-Build. It is not recommended to edit this file directly.
$data merge entity $(head) {transformation: [-0.9823f,0.0448f,0.182f,0.0312f,0.0465f,0.9989f,0.0051f,1.2217f,-0.1816f,0.0134f,-0.9833f,-0.9898f,0f,0f,0f,1f],start_interpolation: 0,interpolation_duration: 1}
$data merge entity $(right_arm) {transformation: [-0.9183f,0.3831f,0.0993f,-0.2215f,0.1582f,0.5854f,-0.7952f,-1022.8371f,-0.3628f,-0.7145f,-0.5982f,-1.0257f,0f,0f,0f,1f],start_interpolation: 0,interpolation_duration: 1}
$data merge entity $(left_arm) {transformation: [-0.8899f,0.0455f,-0.454f,0.2772f,0.1558f,0.9655f,-0.2086f,-2046.8451f,0.4288f,-0.2564f,-0.8663f,-1.0613f,0f,0f,0f,1f],start_interpolation: 0,interpolation_duration: 1}
$data merge entity $(torso) {transformation: [-0.9979f,0.0416f,-0.0505f,0.0312f,-0.0029f,0.7435f,0.6687f,-3070.7783f,0.0653f,0.6675f,-0.7418f,-0.9898f,0f,0f,0f,1f],start_interpolation: 0,interpolation_duration: 1}
$data merge entity $(right_leg) {transformation: [-0.9314f,0.2519f,-0.2627f,-0.125f,0.2001f,0.9573f,0.2084f,-4095.3359f,0.304f,0.1416f,-0.9421f,-1.4904f,0f,0f,0f,1f],start_interpolation: 0,interpolation_duration: 1}
$data merge entity $(left_leg) {transformation: [-0.9394f,-0.2986f,0.1685f,0.125f,-0.2992f,0.9539f,0.0226f,-5119.3365f,-0.1675f,-0.0292f,-0.9854f,-1.4926f,0f,0f,0f,1f],start_interpolation: 0,interpolation_duration: 1}
data modify storage animated_java:temp entry.data merge value {"cameras":{"camera":{"px":1.3834469774068805,"py":1.9347013026663953,"pz":-4.700615713413393,"ry":30.457968654589877,"rx":2.500000000000001}},"locators":{}}
# Data Manager: Write
function animated_java:global/data_manager/write with storage animated_java:temp args