# This file was generated by Animated Java via MC-Build. It is not recommended to edit this file directly.
$data merge entity $(head) {transformation: [-0.9818f,0.0275f,0.188f,0.0244f,0.003f,0.9917f,-0.1289f,1.2974f,-0.19f,-0.126f,-0.9737f,-1.0894f,0f,0f,0f,1f],start_interpolation: 0,interpolation_duration: 1}
$data merge entity $(right_arm) {transformation: [-0.9193f,0.3603f,0.1583f,-0.2275f,0.0878f,0.58f,-0.8099f,-1022.768f,-0.3836f,-0.7307f,-0.5648f,-1.114f,0f,0f,0f,1f],start_interpolation: 0,interpolation_duration: 1}
$data merge entity $(left_arm) {transformation: [-0.8938f,0.0575f,-0.4448f,0.2714f,0.2112f,0.9289f,-0.3042f,-2046.7755f,0.3957f,-0.3659f,-0.8424f,-1.1479f,0f,0f,0f,1f],start_interpolation: 0,interpolation_duration: 1}
$data merge entity $(torso) {transformation: [-0.9979f,0.0326f,-0.0567f,0.0244f,-0.0029f,0.8444f,0.5357f,-3070.7026f,0.0653f,0.5347f,-0.8425f,-1.0894f,0f,0f,0f,1f],start_interpolation: 0,interpolation_duration: 1}
$data merge entity $(right_leg) {transformation: [-0.9405f,0.21f,-0.2673f,-0.125f,0.1678f,0.9707f,0.1722f,-4095.3359f,0.2956f,0.1171f,-0.9481f,-1.4904f,0f,0f,0f,1f],start_interpolation: 0,interpolation_duration: 1}
$data merge entity $(left_leg) {transformation: [-0.9401f,-0.2824f,0.1912f,0.125f,-0.2973f,0.9533f,-0.0539f,-5119.3372f,-0.1671f,-0.1075f,-0.9801f,-1.4951f,0f,0f,0f,1f],start_interpolation: 0,interpolation_duration: 1}
data modify storage animated_java:temp entry.data merge value {"cameras":{"camera":{"px":1.5001780989212297,"py":1.9768216975371462,"pz":-4.803429676368817,"ry":29.871768776714845,"rx":2.500000000000001}},"locators":{}}
# Data Manager: Write
function animated_java:global/data_manager/write with storage animated_java:temp args