# This file was generated by Animated Java via MC-Build. It is not recommended to edit this file directly.
$data merge entity $(head) {transformation: [-0.9817f,0.0057f,0.1903f,0.0168f,-0.0396f,0.9716f,-0.2331f,1.3567f,-0.1862f,-0.2364f,-0.9536f,-1.2033f,0f,0f,0f,1f],start_interpolation: 0,interpolation_duration: 1}
$data merge entity $(right_arm) {transformation: [-0.9193f,0.3335f,0.2089f,-0.2343f,0.016f,0.5619f,-0.827f,-1022.7134f,-0.3932f,-0.757f,-0.5219f,-1.2157f,0f,0f,0f,1f],start_interpolation: 0,interpolation_duration: 1}
$data merge entity $(left_arm) {transformation: [-0.9014f,0.0688f,-0.4274f,0.2646f,0.256f,0.8808f,-0.3983f,-2046.7201f,0.3491f,-0.4685f,-0.8116f,-1.2481f,0f,0f,0f,1f],start_interpolation: 0,interpolation_duration: 1}
$data merge entity $(torso) {transformation: [-0.9979f,0.0224f,-0.0614f,0.0168f,-0.0029f,0.9235f,0.3835f,-3070.6433f,0.0653f,0.3828f,-0.9215f,-1.2033f,0f,0f,0f,1f],start_interpolation: 0,interpolation_duration: 1}
$data merge entity $(right_leg) {transformation: [-0.9481f,0.1682f,-0.2698f,-0.125f,0.1375f,0.9821f,0.129f,-4095.3359f,0.2866f,0.0852f,-0.9542f,-1.4904f,0f,0f,0f,1f],start_interpolation: 0,interpolation_duration: 1}
$data merge entity $(left_leg) {transformation: [-0.941f,-0.2672f,0.2078f,0.125f,-0.2947f,0.9487f,-0.1146f,-5119.3381f,-0.1665f,-0.1691f,-0.9714f,-1.4985f,0f,0f,0f,1f],start_interpolation: 0,interpolation_duration: 1}
data modify storage animated_java:temp entry.data merge value {"cameras":{"camera":{"px":1.625750559739468,"py":2.0251882760024427,"pz":-4.923048544677387,"ry":28.88866273152857,"rx":2.5000000000000013}},"locators":{}}
# Data Manager: Write
function animated_java:global/data_manager/write with storage animated_java:temp args