# This file was generated by Animated Java via MC-Build. It is not recommended to edit this file directly.
$data merge entity $(head) {transformation: [-0.9831f,-0.0163f,0.1824f,0.0106f,-0.0643f,0.9634f,-0.2604f,1.3884f,-0.1715f,-0.2677f,-0.9481f,-1.2962f,0f,0f,0f,1f],start_interpolation: 0,interpolation_duration: 1}
$data merge entity $(right_arm) {transformation: [-0.9184f,0.3094f,0.2467f,-0.2399f,-0.0348f,0.5577f,-0.8293f,-1022.6835f,-0.3941f,-0.7702f,-0.5015f,-1.299f,0f,0f,0f,1f],start_interpolation: 0,interpolation_duration: 1}
$data merge entity $(left_arm) {transformation: [-0.9121f,0.0795f,-0.4021f,0.2592f,0.2744f,0.8472f,-0.4549f,-2046.6893f,0.3046f,-0.5252f,-0.7946f,-1.3304f,0f,0f,0f,1f],start_interpolation: 0,interpolation_duration: 1}
$data merge entity $(torso) {transformation: [-0.9979f,0.0142f,-0.0638f,0.0106f,-0.0029f,0.9658f,0.2593f,-3070.6116f,0.0653f,0.259f,-0.9637f,-1.2962f,0f,0f,0f,1f],start_interpolation: 0,interpolation_duration: 1}
$data merge entity $(right_leg) {transformation: [-0.9524f,0.1373f,-0.272f,-0.125f,0.1171f,0.9891f,0.0894f,-4095.3359f,0.2813f,0.0533f,-0.9581f,-1.4904f,0f,0f,0f,1f],start_interpolation: 0,interpolation_duration: 1}
$data merge entity $(left_leg) {transformation: [-0.9414f,-0.26f,0.2148f,0.125f,-0.2934f,0.9454f,-0.1416f,-5119.3391f,-0.1663f,-0.1963f,-0.9663f,-1.5024f,0f,0f,0f,1f],start_interpolation: 0,interpolation_duration: 1}
data modify storage animated_java:temp entry.data merge value {"cameras":{"camera":{"px":1.7574165479340527,"py":2.078350803989416,"pz":-5.055197944229595,"ry":27.618562996132738,"rx":2.500000000000001}},"locators":{}}
# Data Manager: Write
function animated_java:global/data_manager/write with storage animated_java:temp args