# This file was generated by Animated Java via MC-Build. It is not recommended to edit this file directly.
$data merge entity $(head) {transformation: [-0.9845f,-0.0256f,0.1735f,0.0086f,-0.0672f,0.9688f,-0.2384f,1.3961f,-0.162f,-0.2463f,-0.9556f,-1.3276f,0f,0f,0f,1f],start_interpolation: 0,interpolation_duration: 1}
$data merge entity $(right_arm) {transformation: [-0.9171f,0.2923f,0.271f,-0.2417f,-0.0425f,0.6044f,-0.7956f,-1022.6752f,-0.3963f,-0.7412f,-0.5419f,-1.327f,0f,0f,0f,1f],start_interpolation: 0,interpolation_duration: 1}
$data merge entity $(left_arm) {transformation: [-0.924f,0.09f,-0.3718f,0.2573f,0.2596f,0.8614f,-0.4366f,-2046.6802f,0.281f,-0.4999f,-0.8193f,-1.3583f,0f,0f,0f,1f],start_interpolation: 0,interpolation_duration: 1}
$data merge entity $(torso) {transformation: [-0.9979f,0.0114f,-0.0644f,0.0086f,-0.0029f,0.9761f,0.2174f,-3070.6039f,0.0653f,0.2171f,-0.974f,-1.3276f,0f,0f,0f,1f],start_interpolation: 0,interpolation_duration: 1}
$data merge entity $(right_leg) {transformation: [-0.9533f,0.1279f,-0.2737f,-0.125f,0.1123f,0.991f,0.0723f,-4095.3359f,0.2805f,0.0382f,-0.9591f,-1.4904f,0f,0f,0f,1f],start_interpolation: 0,interpolation_duration: 1}
$data merge entity $(left_leg) {transformation: [-0.9413f,-0.261f,0.214f,0.125f,-0.2937f,0.9458f,-0.1383f,-5119.3403f,-0.1663f,-0.193f,-0.967f,-1.5069f,0f,0f,0f,1f],start_interpolation: 0,interpolation_duration: 1}
data modify storage animated_java:temp entry.data merge value {"cameras":{"camera":{"px":1.8924282515774489,"py":2.1348590474251985,"pz":-5.195603500915938,"ry":26.171382047628725,"rx":2.500000000000001}},"locators":{}}
# Data Manager: Write
function animated_java:global/data_manager/write with storage animated_java:temp args