# This file was generated by Animated Java via MC-Build. It is not recommended to edit this file directly.
$data merge entity $(head) {transformation: [-0.9997f,0.0228f,0.0006f,0f,0.0226f,0.9946f,-0.1015f,1.4324f,-0.0029f,-0.1014f,-0.9948f,-5.3565f,0f,0f,0f,1f],start_interpolation: 0,interpolation_duration: 1}
$data merge entity $(right_arm) {transformation: [-0.9992f,-0.0165f,0.0377f,-0.25f,-0.0193f,0.997f,-0.0754f,-1022.5676f,-0.0364f,-0.0761f,-0.9964f,-5.3565f,0f,0f,0f,1f],start_interpolation: 0,interpolation_duration: 1}
$data merge entity $(left_arm) {transformation: [-0.998f,0.0632f,0.0053f,0.25f,0.0574f,0.9356f,-0.3483f,-2046.5676f,-0.0269f,-0.3473f,-0.9374f,-5.3565f,0f,0f,0f,1f],start_interpolation: 0,interpolation_duration: 1}
$data merge entity $(torso) {transformation: [-1f,0f,0f,0f,0f,0.9965f,-0.084f,-3070.5676f,0f,-0.084f,-0.9965f,-5.3565f,0f,0f,0f,1f],start_interpolation: 0,interpolation_duration: 1}
$data merge entity $(right_leg) {transformation: [-0.9999f,-0.0097f,-0.0085f,-0.125f,-0.0086f,0.9925f,-0.1221f,-4095.2526f,0.0096f,-0.122f,-0.9925f,-5.2988f,0f,0f,0f,1f],start_interpolation: 0,interpolation_duration: 1}
$data merge entity $(left_leg) {transformation: [-1f,0.0071f,0.002f,0.125f,0.007f,0.9981f,-0.0608f,-5119.2526f,-0.0024f,-0.0608f,-0.9981f,-5.2988f,0f,0f,0f,1f],start_interpolation: 0,interpolation_duration: 1}
$data merge entity $(door) {transformation: [-2f,0f,0f,0f,0f,2f,0f,2.849f,0f,0f,-2f,0f,0f,0f,0f,1f],start_interpolation: 0,interpolation_duration: 1}
data modify storage animated_java:temp entry.data merge value {"cameras":{"camera":{"px":9.157657619035605e-16,"py":3.5704732510288064,"pz":-7.477794924554184,"ry":0,"rx":13.614540466392322}},"locators":{}}
# Data Manager: Write
function animated_java:global/data_manager/write with storage animated_java:temp args