# This file was generated by Animated Java via MC-Build. It is not recommended to edit this file directly.
$data merge entity $(head) {transformation: [-0.9998f,0.0181f,0.0005f,0f,0.018f,0.9951f,-0.0973f,1.4324f,-0.0023f,-0.0973f,-0.9953f,-5.4235f,0f,0f,0f,1f],start_interpolation: 0,interpolation_duration: 1}
$data merge entity $(right_arm) {transformation: [-0.9995f,-0.0119f,0.03f,-0.25f,-0.0141f,0.9969f,-0.0768f,-1022.5676f,-0.029f,-0.0772f,-0.9966f,-5.4235f,0f,0f,0f,1f],start_interpolation: 0,interpolation_duration: 1}
$data merge entity $(left_arm) {transformation: [-0.9988f,0.0482f,0.0057f,0.25f,0.0444f,0.9547f,-0.2943f,-2046.5676f,-0.0196f,-0.2937f,-0.9557f,-5.4235f,0f,0f,0f,1f],start_interpolation: 0,interpolation_duration: 1}
$data merge entity $(torso) {transformation: [-1f,0f,0f,0f,0f,0.9965f,-0.084f,-3070.5676f,0f,-0.084f,-0.9965f,-5.4235f,0f,0f,0f,1f],start_interpolation: 0,interpolation_duration: 1}
$data merge entity $(right_leg) {transformation: [-1f,-0.007f,-0.0063f,-0.125f,-0.0063f,0.9934f,-0.1142f,-4095.2526f,0.007f,-0.1142f,-0.9934f,-5.3658f,0f,0f,0f,1f],start_interpolation: 0,interpolation_duration: 1}
$data merge entity $(left_leg) {transformation: [-1f,0.0071f,0.002f,0.125f,0.007f,0.9981f,-0.0608f,-5119.2526f,-0.0024f,-0.0608f,-0.9981f,-5.3658f,0f,0f,0f,1f],start_interpolation: 0,interpolation_duration: 1}
$data merge entity $(door) {transformation: [-2f,0f,0f,0f,0f,2f,0f,2.849f,0f,0f,-2f,0f,0f,0f,0f,1f],start_interpolation: 0,interpolation_duration: 1}
data modify storage animated_java:temp entry.data merge value {"cameras":{"camera":{"px":9.225984721165275e-16,"py":3.5809850076093928,"pz":-7.533588237513678,"ry":0,"rx":13.397908360270163}},"locators":{}}
# Data Manager: Write
function animated_java:global/data_manager/write with storage animated_java:temp args