# This file was generated by Animated Java via MC-Build. It is not recommended to edit this file directly.
$data merge entity $(head) {transformation: [-0.998f,0.0007f,0.0633f,0f,0.0089f,0.9915f,0.1301f,1.4024f,-0.0626f,0.1304f,-0.9895f,-12.1452f,0f,0f,0f,1f],start_interpolation: 0,interpolation_duration: 1}
$data merge entity $(right_arm) {transformation: [-0.9752f,0.119f,-0.1866f,-0.2499f,0.0557f,0.9479f,0.3136f,-1022.6116f,0.2142f,0.2954f,-0.9311f,-12.1737f,0f,0f,0f,1f],start_interpolation: 0,interpolation_duration: 1}
$data merge entity $(left_arm) {transformation: [-0.9857f,-0.1197f,0.1185f,0.2501f,-0.1277f,0.9898f,-0.0625f,-2046.6309f,-0.1098f,-0.0767f,-0.991f,-12.1742f,0f,0f,0f,1f],start_interpolation: 0,interpolation_duration: 1}
$data merge entity $(torso) {transformation: [-1f,0f,0.0037f,0f,0.0012f,0.9532f,0.3023f,-3070.5976f,-0.0035f,0.3023f,-0.9532f,-12.1452f,0f,0f,0f,1f],start_interpolation: 0,interpolation_duration: 1}
$data merge entity $(right_leg) {transformation: [-0.9848f,0.0154f,0.173f,-0.125f,0.0522f,0.9762f,0.2105f,-4095.2905f,-0.1656f,0.2164f,-0.9622f,-12.3534f,0f,0f,0f,1f],start_interpolation: 0,interpolation_duration: 1}
$data merge entity $(left_leg) {transformation: [-0.9994f,0.0265f,-0.0239f,0.125f,0.0037f,0.7427f,0.6696f,-5119.3095f,0.0356f,0.6691f,-0.7423f,-12.3279f,0f,0f,0f,1f],start_interpolation: 0,interpolation_duration: 1}
$data merge entity $(door) {transformation: [-2f,0f,0f,0f,0f,2f,0f,2.8692f,0f,0f,-2f,0f,0f,0f,0f,1f],start_interpolation: 0,interpolation_duration: 1}
data modify storage animated_java:temp entry.data merge value {"cameras":{"camera":{"px":0.12345679012345746,"py":2.1397462277091908,"pz":-5.512002743484225,"ry":178.13039558777982,"rx":3.5482258796386206}},"locators":{}}
# Data Manager: Write
function animated_java:global/data_manager/write with storage animated_java:temp args