# This file was generated by Animated Java via MC-Build. It is not recommended to edit this file directly.
$data merge entity $(head) {transformation: [-0.9864f,-0.0345f,0.1609f,0.0065f,-0.0665f,0.9779f,-0.1982f,1.4023f,-0.1505f,-0.2062f,-0.9669f,-1.3585f,0f,0f,0f,1f],start_interpolation: 0,interpolation_duration: 1}
$data merge entity $(right_arm) {transformation: [-0.9151f,0.2755f,0.2944f,-0.2436f,-0.0458f,0.6543f,-0.7548f,-1022.6683f,-0.4006f,-0.7042f,-0.5862f,-1.3547f,0f,0f,0f,1f],start_interpolation: 0,interpolation_duration: 1}
$data merge entity $(left_arm) {transformation: [-0.9382f,0.0953f,-0.3327f,0.2555f,0.2334f,0.8841f,-0.4048f,-2046.6725f,0.2555f,-0.4574f,-0.8518f,-1.386f,0f,0f,0f,1f],start_interpolation: 0,interpolation_duration: 1}
$data merge entity $(torso) {transformation: [-0.9979f,0.0087f,-0.0648f,0.0065f,-0.0029f,0.9844f,0.1761f,-3070.5977f,0.0653f,0.1759f,-0.9822f,-1.3585f,0f,0f,0f,1f],start_interpolation: 0,interpolation_duration: 1}
$data merge entity $(right_leg) {transformation: [-0.9537f,0.1196f,-0.2758f,-0.125f,0.1093f,0.9926f,0.0526f,-4095.3359f,0.2801f,0.02f,-0.9598f,-1.4904f,0f,0f,0f,1f],start_interpolation: 0,interpolation_duration: 1}
$data merge entity $(left_leg) {transformation: [-0.9411f,-0.2646f,0.2107f,0.125f,-0.2945f,0.9473f,-0.1258f,-5119.3416f,-0.1663f,-0.1804f,-0.9694f,-1.5117f,0f,0f,0f,1f],start_interpolation: 0,interpolation_duration: 1}
data modify storage animated_java:temp entry.data merge value {"cameras":{"camera":{"px":2.0280378587421133,"py":2.1932627722369227,"pz":-5.339990840626909,"ry":24.657032363118248,"rx":2.500000000000001}},"locators":{}}
# Data Manager: Write
function animated_java:global/data_manager/write with storage animated_java:temp args