# This file was generated by Animated Java via MC-Build. It is not recommended to edit this file directly.
$data merge entity $(head) {transformation: [-0.9885f,-0.0415f,0.1456f,0.0045f,-0.0625f,0.9878f,-0.1429f,1.4071f,-0.1379f,-0.1503f,-0.979f,-1.3885f,0f,0f,0f,1f],start_interpolation: 0,interpolation_duration: 1}
$data merge entity $(right_arm) {transformation: [-0.9123f,0.2589f,0.3172f,-0.2453f,-0.0458f,0.7053f,-0.7074f,-1022.6628f,-0.4069f,-0.6599f,-0.6316f,-1.3817f,0f,0f,0f,1f],start_interpolation: 0,interpolation_duration: 1}
$data merge entity $(left_arm) {transformation: [-0.953f,0.0922f,-0.2888f,0.2537f,0.1972f,0.9119f,-0.3598f,-2046.6663f,0.2302f,-0.3998f,-0.8872f,-1.4131f,0f,0f,0f,1f],start_interpolation: 0,interpolation_duration: 1}
$data merge entity $(torso) {transformation: [-0.9979f,0.0061f,-0.0651f,0.0045f,-0.0029f,0.9907f,0.136f,-3070.5929f,0.0653f,0.1359f,-0.9886f,-1.3885f,0f,0f,0f,1f],start_interpolation: 0,interpolation_duration: 1}
$data merge entity $(right_leg) {transformation: [-0.954f,0.1122f,-0.2781f,-0.125f,0.1078f,0.9937f,0.0309f,-4095.3359f,0.2798f,-0.0005f,-0.96f,-1.4904f,0f,0f,0f,1f],start_interpolation: 0,interpolation_duration: 1}
$data merge entity $(left_leg) {transformation: [-0.9407f,-0.27f,0.2054f,0.125f,-0.2957f,0.9494f,-0.1058f,-5119.343f,-0.1664f,-0.1602f,-0.9729f,-1.5169f,0f,0f,0f,1f],start_interpolation: 0,interpolation_duration: 1}
data modify storage animated_java:temp entry.data merge value {"cameras":{"camera":{"px":2.1614975575005095,"py":2.25211174435172,"pz":-5.484085589253002,"ry":23.18542641970282,"rx":2.500000000000002}},"locators":{}}
# Data Manager: Write
function animated_java:global/data_manager/write with storage animated_java:temp args