# This file was generated by Animated Java via MC-Build. It is not recommended to edit this file directly.
$data merge entity $(head) {transformation: [-0.9906f,-0.0455f,0.129f,0.0027f,-0.0556f,0.9956f,-0.0754f,1.4105f,-0.125f,-0.0819f,-0.9888f,-1.4173f,0f,0f,0f,1f],start_interpolation: 0,interpolation_duration: 1}
$data merge entity $(right_arm) {transformation: [-0.9088f,0.2421f,0.3399f,-0.2471f,-0.0435f,0.7551f,-0.6542f,-1022.6585f,-0.4151f,-0.6092f,-0.6757f,-1.4076f,0f,0f,0f,1f],start_interpolation: 0,interpolation_duration: 1}
$data merge entity $(left_arm) {transformation: [-0.9664f,0.0785f,-0.2447f,0.252f,0.153f,0.9407f,-0.3026f,-2046.6613f,0.2064f,-0.3299f,-0.9212f,-1.4391f,0f,0f,0f,1f],start_interpolation: 0,interpolation_duration: 1}
$data merge entity $(torso) {transformation: [-0.9979f,0.0035f,-0.0653f,0.0027f,-0.0029f,0.9952f,0.0976f,-3070.5895f,0.0653f,0.0976f,-0.9931f,-1.4173f,0f,0f,0f,1f],start_interpolation: 0,interpolation_duration: 1}
$data merge entity $(right_leg) {transformation: [-0.954f,0.1055f,-0.2806f,-0.125f,0.1076f,0.9942f,0.0081f,-4095.3359f,0.2798f,-0.0225f,-0.9598f,-1.4904f,0f,0f,0f,1f],start_interpolation: 0,interpolation_duration: 1}
$data merge entity $(left_leg) {transformation: [-0.9403f,-0.2767f,0.1983f,0.125f,-0.2969f,0.9515f,-0.0801f,-5119.3444f,-0.1665f,-0.1342f,-0.9769f,-1.5221f,0f,0f,0f,1f],start_interpolation: 0,interpolation_duration: 1}
data modify storage animated_java:temp entry.data merge value {"cameras":{"camera":{"px":2.2900595359250966,"py":2.3099557296967226,"pz":-5.623613372684713,"ry":21.866476694484078,"rx":2.5000000000000013}},"locators":{}}
# Data Manager: Write
function animated_java:global/data_manager/write with storage animated_java:temp args