# This file was generated by Animated Java via MC-Build. It is not recommended to edit this file directly.
$data merge entity $(head) {transformation: [-0.9926f,-0.0461f,0.1125f,0.0009f,-0.0463f,0.9989f,0.0008f,1.4127f,-0.1124f,-0.0044f,-0.9937f,-1.4444f,0f,0f,0f,1f],start_interpolation: 0,interpolation_duration: 1}
$data merge entity $(right_arm) {transformation: [-0.9044f,0.2249f,0.3626f,-0.2487f,-0.0397f,0.8017f,-0.5964f,-1022.6554f,-0.4248f,-0.5537f,-0.7162f,-1.4322f,0f,0f,0f,1f],start_interpolation: 0,interpolation_duration: 1}
$data merge entity $(left_arm) {transformation: [-0.9772f,0.0542f,-0.2051f,0.2503f,0.1029f,0.9665f,-0.2353f,-2046.6576f,0.1854f,-0.251f,-0.9501f,-1.4639f,0f,0f,0f,1f],start_interpolation: 0,interpolation_duration: 1}
$data merge entity $(torso) {transformation: [-0.9979f,0.0012f,-0.0654f,0.0009f,-0.0029f,0.9981f,0.0613f,-3070.5873f,0.0653f,0.0614f,-0.996f,-1.4444f,0f,0f,0f,1f],start_interpolation: 0,interpolation_duration: 1}
$data merge entity $(right_leg) {transformation: [-0.9539f,0.0997f,-0.2832f,-0.125f,0.1084f,0.994f,-0.0153f,-4095.3359f,0.2799f,-0.0452f,-0.959f,-1.4904f,0f,0f,0f,1f],start_interpolation: 0,interpolation_duration: 1}
$data merge entity $(left_leg) {transformation: [-0.9399f,-0.2838f,0.1899f,0.125f,-0.2981f,0.9532f,-0.0506f,-5119.3458f,-0.1666f,-0.1041f,-0.9805f,-1.5273f,0f,0f,0f,1f],start_interpolation: 0,interpolation_duration: 1}
data modify storage animated_java:temp entry.data merge value {"cameras":{"camera":{"px":2.410975982088339,"py":2.3653444941990642,"pz":-5.754299816812539,"ry":20.81009566456342,"rx":2.500000000000002}},"locators":{}}
# Data Manager: Write
function animated_java:global/data_manager/write with storage animated_java:temp args