# This file was generated by Animated Java via MC-Build. It is not recommended to edit this file directly.
$data merge entity $(head) {transformation: [-0.9943f,-0.0433f,0.0975f,-0.0008f,-0.0354f,0.996f,0.0818f,1.4138f,-0.1007f,0.0779f,-0.9919f,-1.4696f,0f,0f,0f,1f],start_interpolation: 0,interpolation_duration: 1}
$data merge entity $(right_arm) {transformation: [-0.8995f,0.2069f,0.3849f,-0.2502f,-0.0352f,0.8437f,-0.5356f,-1022.6534f,-0.4356f,-0.4953f,-0.7516f,-1.4551f,0f,0f,0f,1f],start_interpolation: 0,interpolation_duration: 1}
$data merge entity $(left_arm) {transformation: [-0.9846f,0.0211f,-0.1738f,0.2488f,0.0496f,0.9857f,-0.1611f,-2046.6549f,0.1679f,-0.1673f,-0.9715f,-1.487f,0f,0f,0f,1f],start_interpolation: 0,interpolation_duration: 1}
$data merge entity $(torso) {transformation: [-0.9979f,-0.001f,-0.0654f,-0.0008f,-0.0029f,0.9996f,0.0277f,-3070.5862f,0.0653f,0.0278f,-0.9975f,-1.4696f,0f,0f,0f,1f],start_interpolation: 0,interpolation_duration: 1}
$data merge entity $(right_leg) {transformation: [-0.9536f,0.0944f,-0.2857f,-0.125f,0.1098f,0.9932f,-0.0384f,-4095.3359f,0.2802f,-0.068f,-0.9575f,-1.4904f,0f,0f,0f,1f],start_interpolation: 0,interpolation_duration: 1}
$data merge entity $(left_leg) {transformation: [-0.9396f,-0.2909f,0.1805f,0.125f,-0.299f,0.9541f,-0.0189f,-5119.3472f,-0.1667f,-0.0717f,-0.9834f,-1.5323f,0f,0f,0f,1f],start_interpolation: 0,interpolation_duration: 1}
data modify storage animated_java:temp entry.data merge value {"cameras":{"camera":{"px":2.5214990840626923,"py":2.4168278037858744,"pz":-5.87187054752697,"ry":20.126195807042564,"rx":2.5000000000000013}},"locators":{}}
# Data Manager: Write
function animated_java:global/data_manager/write with storage animated_java:temp args