# This file was generated by Animated Java via MC-Build. It is not recommended to edit this file directly.
$data merge entity $(head) {transformation: [-0.9957f,-0.0379f,0.0851f,-0.0023f,-0.0235f,0.9862f,0.1637f,1.4141f,-0.0901f,0.161f,-0.9828f,-1.4925f,0f,0f,0f,1f],start_interpolation: 0,interpolation_duration: 1}
$data merge entity $(right_arm) {transformation: [-0.8941f,0.1879f,0.4065f,-0.2515f,-0.0305f,0.88f,-0.474f,-1022.6521f,-0.4468f,-0.4362f,-0.7811f,-1.476f,0f,0f,0f,1f],start_interpolation: 0,interpolation_duration: 1}
$data merge entity $(left_arm) {transformation: [-0.988f,-0.0172f,-0.1532f,0.2474f,-0.0042f,0.9964f,-0.0849f,-2046.653f,0.1541f,-0.0832f,-0.9845f,-1.5081f,0f,0f,0f,1f],start_interpolation: 0,interpolation_duration: 1}
$data merge entity $(torso) {transformation: [-0.9979f,-0.003f,-0.0653f,-0.0023f,-0.0029f,1f,-0.0029f,-3070.5859f,0.0653f,-0.0028f,-0.9979f,-1.4925f,0f,0f,0f,1f],start_interpolation: 0,interpolation_duration: 1}
$data merge entity $(right_leg) {transformation: [-0.9533f,0.0897f,-0.2882f,-0.125f,0.1117f,0.9919f,-0.0606f,-4095.3359f,0.2805f,-0.09f,-0.9556f,-1.4904f,0f,0f,0f,1f],start_interpolation: 0,interpolation_duration: 1}
$data merge entity $(left_leg) {transformation: [-0.9394f,-0.2972f,0.1707f,0.125f,-0.2995f,0.954f,0.0131f,-5119.3484f,-0.1667f,-0.0388f,-0.9852f,-1.5371f,0f,0f,0f,1f],start_interpolation: 0,interpolation_duration: 1}
data modify storage animated_java:temp entry.data merge value {"cameras":{"camera":{"px":2.6188810299206198,"py":2.462955424384287,"pz":-5.972051190718503,"ry":19.924689599022997,"rx":2.500000000000002}},"locators":{}}
# Data Manager: Write
function animated_java:global/data_manager/write with storage animated_java:temp args