# This file was generated by Animated Java via MC-Build. It is not recommended to edit this file directly.
$data merge entity $(head) {transformation: [-0.9966f,-0.0308f,0.0758f,-0.0036f,-0.0115f,0.9701f,0.2424f,1.4137f,-0.081f,0.2407f,-0.9672f,-1.5128f,0f,0f,0f,1f],start_interpolation: 0,interpolation_duration: 1}
$data merge entity $(right_arm) {transformation: [-0.8887f,0.1682f,0.4265f,-0.2528f,-0.0262f,0.9101f,-0.4136f,-1022.6516f,-0.4577f,-0.3787f,-0.8044f,-1.4946f,0f,0f,0f,1f],start_interpolation: 0,interpolation_duration: 1}
$data merge entity $(left_arm) {transformation: [-0.988f,-0.0567f,-0.1435f,0.2462f,-0.0556f,0.9984f,-0.0116f,-2046.6519f,0.1439f,-0.0034f,-0.9896f,-1.5268f,0f,0f,0f,1f],start_interpolation: 0,interpolation_duration: 1}
$data merge entity $(torso) {transformation: [-0.9979f,-0.0048f,-0.0652f,-0.0036f,-0.0029f,0.9995f,-0.0301f,-3070.5863f,0.0653f,-0.0298f,-0.9974f,-1.5128f,0f,0f,0f,1f],start_interpolation: 0,interpolation_duration: 1}
$data merge entity $(right_leg) {transformation: [-0.953f,0.0855f,-0.2906f,-0.125f,0.1136f,0.9902f,-0.0812f,-4095.3359f,0.2808f,-0.1104f,-0.9534f,-1.4904f,0f,0f,0f,1f],start_interpolation: 0,interpolation_duration: 1}
$data merge entity $(left_leg) {transformation: [-0.9395f,-0.3024f,0.1611f,0.125f,-0.2994f,0.9531f,0.0435f,-5119.3496f,-0.1667f,-0.0074f,-0.986f,-1.5415f,0f,0f,0f,1f],start_interpolation: 0,interpolation_duration: 1}
data modify storage animated_java:temp entry.data merge value {"cameras":{"camera":{"px":2.700374007734583,"py":2.502277121921433,"pz":-6.050567372277631,"ry":20.31548951760638,"rx":2.500000000000002}},"locators":{}}
# Data Manager: Write
function animated_java:global/data_manager/write with storage animated_java:temp args