# This file was generated by Animated Java via MC-Build. It is not recommended to edit this file directly.
$data merge entity $(head) {transformation: [-0.9973f,-0.0234f,0.0698f,-0.0047f,-0.0003f,0.9494f,0.3139f,1.413f,-0.0736f,0.3131f,-0.9469f,-1.5302f,0f,0f,0f,1f],start_interpolation: 0,interpolation_duration: 1}
$data merge entity $(right_arm) {transformation: [-0.8837f,0.1483f,0.4439f,-0.2538f,-0.0225f,0.9339f,-0.3567f,-1022.6514f,-0.4675f,-0.3252f,-0.822f,-1.5105f,0f,0f,0f,1f],start_interpolation: 0,interpolation_duration: 1}
$data merge entity $(left_arm) {transformation: [-0.9853f,-0.0935f,-0.143f,0.2451f,-0.102f,0.9933f,0.0535f,-2046.6512f,0.137f,0.0673f,-0.9883f,-1.5429f,0f,0f,0f,1f],start_interpolation: 0,interpolation_duration: 1}
$data merge entity $(torso) {transformation: [-0.9979f,-0.0063f,-0.0651f,-0.0047f,-0.0029f,0.9986f,-0.0533f,-3070.587f,0.0653f,-0.053f,-0.9965f,-1.5302f,0f,0f,0f,1f],start_interpolation: 0,interpolation_duration: 1}
$data merge entity $(right_leg) {transformation: [-0.9527f,0.0817f,-0.2926f,-0.125f,0.1153f,0.9883f,-0.0996f,-4095.3359f,0.281f,-0.1286f,-0.951f,-1.4904f,0f,0f,0f,1f],start_interpolation: 0,interpolation_duration: 1}
$data merge entity $(left_leg) {transformation: [-0.9398f,-0.306f,0.1524f,0.125f,-0.2984f,0.9518f,0.0706f,-5119.3506f,-0.1666f,0.0209f,-0.9858f,-1.5453f,0f,0f,0f,1f],start_interpolation: 0,interpolation_duration: 1}
data modify storage animated_java:temp entry.data merge value {"cameras":{"camera":{"px":2.7632302055770412,"py":2.5333426623244453,"pz":-6.10314471809485,"ry":21.408508039894144,"rx":2.500000000000002}},"locators":{}}
# Data Manager: Write
function animated_java:global/data_manager/write with storage animated_java:temp args