# This file was generated by Animated Java via MC-Build. It is not recommended to edit this file directly.
$data merge entity $(head) {transformation: [-0.9977f,-0.0168f,0.0664f,-0.0057f,0.0093f,0.927f,0.3749f,1.4121f,-0.0679f,0.3747f,-0.9247f,-1.5444f,0f,0f,0f,1f],start_interpolation: 0,interpolation_duration: 1}
$data merge entity $(right_arm) {transformation: [-0.8795f,0.129f,0.458f,-0.2547f,-0.0196f,0.9519f,-0.3057f,-1022.6515f,-0.4754f,-0.2778f,-0.8347f,-1.5235f,0f,0f,0f,1f],start_interpolation: 0,interpolation_duration: 1}
$data merge entity $(left_arm) {transformation: [-0.9811f,-0.1242f,-0.1482f,0.2443f,-0.1406f,0.9844f,0.1059f,-2046.6507f,0.1327f,0.1247f,-0.9833f,-1.5561f,0f,0f,0f,1f],start_interpolation: 0,interpolation_duration: 1}
$data merge entity $(torso) {transformation: [-0.9979f,-0.0076f,-0.065f,-0.0057f,-0.0029f,0.9974f,-0.0723f,-3070.5879f,0.0653f,-0.072f,-0.9953f,-1.5444f,0f,0f,0f,1f],start_interpolation: 0,interpolation_duration: 1}
$data merge entity $(right_leg) {transformation: [-0.9525f,0.0783f,-0.2942f,-0.125f,0.1166f,0.9865f,-0.115f,-4095.3359f,0.2812f,-0.1438f,-0.9488f,-1.4904f,0f,0f,0f,1f],start_interpolation: 0,interpolation_duration: 1}
$data merge entity $(left_leg) {transformation: [-0.9404f,-0.3075f,0.1452f,0.125f,-0.2965f,0.9505f,0.0927f,-5119.3515f,-0.1665f,0.0441f,-0.9851f,-1.5485f,0f,0f,0f,1f],start_interpolation: 0,interpolation_duration: 1}
data modify storage animated_java:temp entry.data merge value {"cameras":{"camera":{"px":2.804701811520457,"py":2.554701811520456,"pz":-6.125508854060656,"ry":23.313657642988005,"rx":2.5000000000000013}},"locators":{}}
# Data Manager: Write
function animated_java:global/data_manager/write with storage animated_java:temp args