# This file was generated by Animated Java via MC-Build. It is not recommended to edit this file directly.
$data merge entity $(head) {transformation: [-0.9978f,-0.012f,0.0649f,-0.0064f,0.0166f,0.9062f,0.4224f,1.4113f,-0.0639f,0.4226f,-0.9041f,-1.5551f,0f,0f,0f,1f],start_interpolation: 0,interpolation_duration: 1}
$data merge entity $(right_arm) {transformation: [-0.8767f,0.1114f,0.468f,-0.2553f,-0.0176f,0.9647f,-0.2627f,-1022.6517f,-0.4807f,-0.2386f,-0.8438f,-1.5334f,0f,0f,0f,1f],start_interpolation: 0,interpolation_duration: 1}
$data merge entity $(left_arm) {transformation: [-0.9769f,-0.1469f,-0.1551f,0.2436f,-0.1691f,0.9754f,0.1416f,-2046.6503f,0.1305f,0.1645f,-0.9777f,-1.5661f,0f,0f,0f,1f],start_interpolation: 0,interpolation_duration: 1}
$data merge entity $(torso) {transformation: [-0.9979f,-0.0085f,-0.0648f,-0.0064f,-0.0029f,0.9962f,-0.0866f,-3070.5887f,0.0653f,-0.0863f,-0.9941f,-1.5551f,0f,0f,0f,1f],start_interpolation: 0,interpolation_duration: 1}
$data merge entity $(right_leg) {transformation: [-0.9524f,0.0752f,-0.2953f,-0.125f,0.1171f,0.985f,-0.1268f,-4095.3359f,0.2813f,-0.1553f,-0.947f,-1.4904f,0f,0f,0f,1f],start_interpolation: 0,interpolation_duration: 1}
$data merge entity $(left_leg) {transformation: [-0.9414f,-0.3067f,0.1402f,0.125f,-0.2934f,0.9499f,0.1079f,-5119.3521f,-0.1663f,0.0605f,-0.9842f,-1.5508f,0f,0f,0f,1f],start_interpolation: 0,interpolation_duration: 1}
data modify storage animated_java:temp entry.data merge value {"cameras":{"camera":{"px":2.82204101363729,"py":2.564904335436597,"pz":-6.11338540606554,"ry":26.140850803989423,"rx":2.5000000000000013}},"locators":{}}
# Data Manager: Write
function animated_java:global/data_manager/write with storage animated_java:temp args