# This file was generated by Animated Java via MC-Build. It is not recommended to edit this file directly.
$data merge entity $(head) {transformation: [-0.9996f,0.0266f,0.0006f,0f,0.0263f,0.9926f,-0.1183f,1.4307f,-0.0037f,-0.1182f,-0.993f,-5.3216f,0f,0f,0f,1f],start_interpolation: 0,interpolation_duration: 1}
$data merge entity $(right_arm) {transformation: [-0.9988f,-0.0203f,0.044f,-0.25f,-0.0241f,0.9959f,-0.0876f,-1022.5693f,-0.042f,-0.0886f,-0.9952f,-5.3216f,0f,0f,0f,1f],start_interpolation: 0,interpolation_duration: 1}
$data merge entity $(left_arm) {transformation: [-0.9971f,0.0754f,0.0037f,0.25f,0.0675f,0.9124f,-0.4036f,-2046.5693f,-0.0338f,-0.4022f,-0.9149f,-5.3216f,0f,0f,0f,1f],start_interpolation: 0,interpolation_duration: 1}
$data merge entity $(torso) {transformation: [-1f,0f,0f,0f,0f,0.9953f,-0.0973f,-3070.5693f,0f,-0.0973f,-0.9953f,-5.3216f,0f,0f,0f,1f],start_interpolation: 0,interpolation_duration: 1}
$data merge entity $(right_leg) {transformation: [-0.9999f,-0.0119f,-0.0102f,-0.125f,-0.0103f,0.9898f,-0.1418f,-4095.2536f,0.0118f,-0.1416f,-0.9898f,-5.2546f,0f,0f,0f,1f],start_interpolation: 0,interpolation_duration: 1}
$data merge entity $(left_leg) {transformation: [-1f,0.0087f,0.0025f,0.125f,0.0085f,0.9975f,-0.0701f,-5119.2536f,-0.0031f,-0.0701f,-0.9975f,-5.2546f,0f,0f,0f,1f],start_interpolation: 0,interpolation_duration: 1}
$data merge entity $(door) {transformation: [-2f,0f,0f,0f,0f,2f,0f,2.8575f,0f,0f,-2f,0f,0f,0f,0f,1f],start_interpolation: 0,interpolation_duration: 1}
data modify storage animated_java:temp entry.data merge value {"cameras":{"camera":{"px":9.102330847959478e-16,"py":3.56201171875,"pz":-7.4326171875,"ry":0,"rx":13.7890625}},"locators":{}}
# Data Manager: Write
function animated_java:global/data_manager/write with storage animated_java:temp args