# This file was generated by Animated Java via MC-Build. It is not recommended to edit this file directly.
$data merge entity $(head) {transformation: [-0.9998f,0.0211f,0.0006f,0f,0.0209f,0.9933f,-0.1133f,1.4307f,-0.003f,-0.1133f,-0.9936f,-5.4002f,0f,0f,0f,1f],start_interpolation: 0,interpolation_duration: 1}
$data merge entity $(right_arm) {transformation: [-0.9993f,-0.0148f,0.0349f,-0.25f,-0.0178f,0.9958f,-0.0893f,-1022.5693f,-0.0335f,-0.0899f,-0.9954f,-5.4002f,0f,0f,0f,1f],start_interpolation: 0,interpolation_duration: 1}
$data merge entity $(left_arm) {transformation: [-0.9983f,0.0577f,0.0056f,0.25f,0.0523f,0.9385f,-0.3413f,-2046.5693f,-0.0249f,-0.3405f,-0.9399f,-5.4002f,0f,0f,0f,1f],start_interpolation: 0,interpolation_duration: 1}
$data merge entity $(torso) {transformation: [-1f,0f,0f,0f,0f,0.9953f,-0.0973f,-3070.5693f,0f,-0.0973f,-0.9953f,-5.4002f,0f,0f,0f,1f],start_interpolation: 0,interpolation_duration: 1}
$data merge entity $(right_leg) {transformation: [-0.9999f,-0.0087f,-0.0076f,-0.125f,-0.0076f,0.9911f,-0.1326f,-4095.2536f,0.0087f,-0.1325f,-0.9911f,-5.3333f,0f,0f,0f,1f],start_interpolation: 0,interpolation_duration: 1}
$data merge entity $(left_leg) {transformation: [-1f,0.0087f,0.0025f,0.125f,0.0085f,0.9975f,-0.0701f,-5119.2536f,-0.0031f,-0.0701f,-0.9975f,-5.3333f,0f,0f,0f,1f],start_interpolation: 0,interpolation_duration: 1}
$data merge entity $(door) {transformation: [-2f,0f,0f,0f,0f,2f,0f,2.8575f,0f,0f,-2f,0f,0f,0f,0f,1f],start_interpolation: 0,interpolation_duration: 1}
data modify storage animated_java:temp entry.data merge value {"cameras":{"camera":{"px":9.18256749796359e-16,"py":3.57429455896965,"pz":-7.498135384305785,"ry":0,"rx":13.535757857798684}},"locators":{}}
# Data Manager: Write
function animated_java:global/data_manager/write with storage animated_java:temp args