# This file was generated by Animated Java via MC-Build. It is not recommended to edit this file directly.
$data merge entity $(head) {transformation: [-0.9979f,-0.0092f,0.0645f,-0.0068f,0.0216f,0.8878f,0.4597f,1.4107f,-0.0614f,0.4601f,-0.8857f,-1.5612f,0f,0f,0f,1f],start_interpolation: 0,interpolation_duration: 1}
$data merge entity $(right_arm) {transformation: [-0.8754f,0.097f,0.4735f,-0.2557f,-0.0154f,0.9736f,-0.2279f,-1022.6522f,-0.4831f,-0.2068f,-0.8508f,-1.539f,0f,0f,0f,1f],start_interpolation: 0,interpolation_duration: 1}
$data merge entity $(left_arm) {transformation: [-0.9736f,-0.1621f,-0.1604f,0.2433f,-0.1879f,0.9688f,0.1615f,-2046.6508f,0.1292f,0.1874f,-0.9737f,-1.5716f,0f,0f,0f,1f],start_interpolation: 0,interpolation_duration: 1}
$data merge entity $(torso) {transformation: [-0.9979f,-0.009f,-0.0648f,-0.0068f,-0.0029f,0.9955f,-0.0947f,-3070.5893f,0.0653f,-0.0943f,-0.9934f,-1.5612f,0f,0f,0f,1f],start_interpolation: 0,interpolation_duration: 1}
$data merge entity $(right_leg) {transformation: [-0.9524f,0.0752f,-0.2953f,-0.125f,0.1171f,0.985f,-0.1268f,-4095.3359f,0.2813f,-0.1553f,-0.947f,-1.4904f,0f,0f,0f,1f],start_interpolation: 0,interpolation_duration: 1}
$data merge entity $(left_leg) {transformation: [-0.9429f,-0.3034f,0.1372f,0.125f,-0.2887f,0.9502f,0.1172f,-5119.3521f,-0.1659f,0.0709f,-0.9836f,-1.5508f,0f,0f,0f,1f],start_interpolation: 0,interpolation_duration: 1}
data modify storage animated_java:temp entry.data merge value {"cameras":{"camera":{"px":2.812500000000001,"py":2.5625,"pz":-6.0625,"ry":30,"rx":2.500000000000001}},"locators":{}}
# Data Manager: Write
function animated_java:global/data_manager/write with storage animated_java:temp args