# This file was generated by Animated Java via MC-Build. It is not recommended to edit this file directly.
$data merge entity $(head) {transformation: [-0.9979f,-0.0076f,0.0645f,-0.0068f,0.0251f,0.8703f,0.4919f,1.4106f,-0.0598f,0.4925f,-0.8682f,-1.5622f,0f,0f,0f,1f],start_interpolation: 0,interpolation_duration: 1}
$data merge entity $(right_arm) {transformation: [-0.8755f,0.0865f,0.4755f,-0.2557f,-0.0116f,0.9798f,-0.1996f,-1022.6523f,-0.4831f,-0.1803f,-0.8568f,-1.5399f,0f,0f,0f,1f],start_interpolation: 0,interpolation_duration: 1}
$data merge entity $(left_arm) {transformation: [-0.9715f,-0.1723f,-0.1629f,0.2432f,-0.1998f,0.9649f,0.1703f,-2046.6509f,0.1279f,0.198f,-0.9718f,-1.5726f,0f,0f,0f,1f],start_interpolation: 0,interpolation_duration: 1}
$data merge entity $(torso) {transformation: [-0.9979f,-0.0091f,-0.0648f,-0.0068f,-0.0029f,0.9954f,-0.0961f,-3070.5894f,0.0653f,-0.0957f,-0.9933f,-1.5622f,0f,0f,0f,1f],start_interpolation: 0,interpolation_duration: 1}
$data merge entity $(right_leg) {transformation: [-0.9524f,0.0752f,-0.2953f,-0.125f,0.1171f,0.985f,-0.1268f,-4095.3359f,0.2813f,-0.1553f,-0.947f,-1.4904f,0f,0f,0f,1f],start_interpolation: 0,interpolation_duration: 1}
$data merge entity $(left_leg) {transformation: [-0.945f,-0.2979f,0.1354f,0.125f,-0.2823f,0.9514f,0.1229f,-5119.3521f,-0.1654f,0.078f,-0.9831f,-1.5508f,0f,0f,0f,1f],start_interpolation: 0,interpolation_duration: 1}
data modify storage animated_java:temp entry.data merge value {"cameras":{"camera":{"px":2.776962749671965,"py":2.548412669485348,"pz":-5.978522743840211,"ry":34.54876804198861,"rx":2.500000000000001}},"locators":{}}
# Data Manager: Write
function animated_java:global/data_manager/write with storage animated_java:temp args