# This file was generated by Animated Java via MC-Build. It is not recommended to edit this file directly.
$data merge entity $(head) {transformation: [-0.9979f,-0.0072f,0.0646f,-0.0066f,0.0275f,0.8539f,0.5198f,1.4109f,-0.0589f,0.5204f,-0.8519f,-1.5591f,0f,0f,0f,1f],start_interpolation: 0,interpolation_duration: 1}
$data merge entity $(right_arm) {transformation: [-0.8766f,0.0796f,0.4745f,-0.2555f,-0.0065f,0.9842f,-0.1771f,-1022.6521f,-0.4811f,-0.1583f,-0.8622f,-1.537f,0f,0f,0f,1f],start_interpolation: 0,interpolation_duration: 1}
$data merge entity $(left_arm) {transformation: [-0.9704f,-0.1786f,-0.1625f,0.2434f,-0.2058f,0.9637f,0.17f,-2046.6506f,0.1262f,0.1984f,-0.972f,-1.5697f,0f,0f,0f,1f],start_interpolation: 0,interpolation_duration: 1}
$data merge entity $(torso) {transformation: [-0.9979f,-0.0088f,-0.0648f,-0.0066f,-0.0029f,0.9958f,-0.0919f,-3070.5891f,0.0653f,-0.0915f,-0.9937f,-1.5591f,0f,0f,0f,1f],start_interpolation: 0,interpolation_duration: 1}
$data merge entity $(right_leg) {transformation: [-0.9524f,0.0752f,-0.2953f,-0.125f,0.1171f,0.985f,-0.1268f,-4095.3359f,0.2813f,-0.1553f,-0.947f,-1.4904f,0f,0f,0f,1f],start_interpolation: 0,interpolation_duration: 1}
$data merge entity $(left_leg) {transformation: [-0.9473f,-0.2906f,0.1346f,0.125f,-0.2746f,0.9533f,0.1257f,-5119.3521f,-0.1649f,0.0821f,-0.9829f,-1.5508f,0f,0f,0f,1f],start_interpolation: 0,interpolation_duration: 1}
data modify storage animated_java:temp entry.data merge value {"cameras":{"camera":{"px":2.715009476600089,"py":2.5233816882927544,"pz":-5.85761408368567,"ry":40.212859017349444,"rx":2.5}},"locators":{}}
# Data Manager: Write
function animated_java:global/data_manager/write with storage animated_java:temp args