# This file was generated by Animated Java via MC-Build. It is not recommended to edit this file directly.
$data merge entity $(head) {transformation: [-0.9979f,-0.0078f,0.0648f,-0.0062f,0.0288f,0.8388f,0.5437f,1.4115f,-0.0585f,0.5444f,-0.8367f,-1.5527f,0f,0f,0f,1f],start_interpolation: 0,interpolation_duration: 1}
$data merge entity $(right_arm) {transformation: [-0.8787f,0.0758f,0.4714f,-0.2552f,-0.0004f,0.9872f,-0.1595f,-1022.6515f,-0.4775f,-0.1403f,-0.8674f,-1.5312f,0f,0f,0f,1f],start_interpolation: 0,interpolation_duration: 1}
$data merge entity $(left_arm) {transformation: [-0.9704f,-0.1815f,-0.1594f,0.2438f,-0.2071f,0.9648f,0.1623f,-2046.6501f,0.1244f,0.1905f,-0.9738f,-1.5638f,0f,0f,0f,1f],start_interpolation: 0,interpolation_duration: 1}
$data merge entity $(torso) {transformation: [-0.9979f,-0.0083f,-0.0649f,-0.0062f,-0.0029f,0.9965f,-0.0834f,-3070.5885f,0.0653f,-0.083f,-0.9944f,-1.5527f,0f,0f,0f,1f],start_interpolation: 0,interpolation_duration: 1}
$data merge entity $(right_leg) {transformation: [-0.9524f,0.0752f,-0.2953f,-0.125f,0.1171f,0.985f,-0.1268f,-4095.3359f,0.2813f,-0.1553f,-0.947f,-1.4904f,0f,0f,0f,1f],start_interpolation: 0,interpolation_duration: 1}
$data merge entity $(left_leg) {transformation: [-0.9499f,-0.282f,0.1347f,0.125f,-0.2659f,0.9557f,0.1261f,-5119.3521f,-0.1642f,0.084f,-0.9828f,-1.5508f,0f,0f,0f,1f],start_interpolation: 0,interpolation_duration: 1}
data modify storage animated_java:temp entry.data merge value {"cameras":{"camera":{"px":2.629483160810614,"py":2.4885825193176845,"pz":-5.703874471497302,"ry":46.86105846333291,"rx":2.4999999999999996}},"locators":{}}
# Data Manager: Write
function animated_java:global/data_manager/write with storage animated_java:temp args