# This file was generated by Animated Java via MC-Build. It is not recommended to edit this file directly.
$data merge entity $(head) {transformation: [-0.9979f,-0.009f,0.0649f,-0.0056f,0.0293f,0.825f,0.5643f,1.4121f,-0.0586f,0.565f,-0.823f,-1.5439f,0f,0f,0f,1f],start_interpolation: 0,interpolation_duration: 1}
$data merge entity $(right_arm) {transformation: [-0.8813f,0.0744f,0.4667f,-0.2546f,0.0062f,0.9893f,-0.146f,-1022.6509f,-0.4725f,-0.1258f,-0.8723f,-1.5231f,0f,0f,0f,1f],start_interpolation: 0,interpolation_duration: 1}
$data merge entity $(left_arm) {transformation: [-0.9711f,-0.1817f,-0.1546f,0.2443f,-0.2047f,0.9674f,0.1492f,-2046.6495f,0.1225f,0.1765f,-0.9767f,-1.5558f,0f,0f,0f,1f],start_interpolation: 0,interpolation_duration: 1}
$data merge entity $(torso) {transformation: [-0.9979f,-0.0075f,-0.065f,-0.0056f,-0.0029f,0.9974f,-0.0716f,-3070.5879f,0.0653f,-0.0713f,-0.9953f,-1.5439f,0f,0f,0f,1f],start_interpolation: 0,interpolation_duration: 1}
$data merge entity $(right_leg) {transformation: [-0.9524f,0.0752f,-0.2953f,-0.125f,0.1171f,0.985f,-0.1268f,-4095.3359f,0.2813f,-0.1553f,-0.947f,-1.4904f,0f,0f,0f,1f],start_interpolation: 0,interpolation_duration: 1}
$data merge entity $(left_leg) {transformation: [-0.9526f,-0.2726f,0.1352f,0.125f,-0.2566f,0.9585f,0.1246f,-5119.3521f,-0.1636f,0.084f,-0.9829f,-1.5508f,0f,0f,0f,1f],start_interpolation: 0,interpolation_duration: 1}
data modify storage animated_java:temp entry.data merge value {"cameras":{"camera":{"px":2.523226782329786,"py":2.4451906254556057,"pz":-5.52140435923604,"ry":54.362151917189124,"rx":2.4999999999999987}},"locators":{}}
# Data Manager: Write
function animated_java:global/data_manager/write with storage animated_java:temp args