# This file was generated by Animated Java via MC-Build. It is not recommended to edit this file directly.
$data merge entity $(head) {transformation: [-0.9978f,-0.0107f,0.065f,-0.005f,0.0292f,0.8126f,0.582f,1.4128f,-0.059f,0.5827f,-0.8106f,-1.5335f,0f,0f,0f,1f],start_interpolation: 0,interpolation_duration: 1}
$data merge entity $(right_arm) {transformation: [-0.8843f,0.0746f,0.461f,-0.254f,0.0129f,0.9907f,-0.1357f,-1022.6503f,-0.4668f,-0.1141f,-0.877f,-1.5136f,0f,0f,0f,1f],start_interpolation: 0,interpolation_duration: 1}
$data merge entity $(left_arm) {transformation: [-0.9724f,-0.1798f,-0.1488f,0.2449f,-0.1998f,0.9709f,0.1323f,-2046.6489f,0.1207f,0.1584f,-0.98f,-1.5463f,0f,0f,0f,1f],start_interpolation: 0,interpolation_duration: 1}
$data merge entity $(torso) {transformation: [-0.9979f,-0.0066f,-0.0651f,-0.005f,-0.0029f,0.9983f,-0.0578f,-3070.5872f,0.0653f,-0.0575f,-0.9962f,-1.5335f,0f,0f,0f,1f],start_interpolation: 0,interpolation_duration: 1}
$data merge entity $(right_leg) {transformation: [-0.9524f,0.0752f,-0.2953f,-0.125f,0.1171f,0.985f,-0.1268f,-4095.3359f,0.2813f,-0.1553f,-0.947f,-1.4904f,0f,0f,0f,1f],start_interpolation: 0,interpolation_duration: 1}
$data merge entity $(left_leg) {transformation: [-0.9552f,-0.2627f,0.1362f,0.125f,-0.247f,0.9613f,0.1218f,-5119.3521f,-0.1629f,0.0827f,-0.9832f,-1.5508f,0f,0f,0f,1f],start_interpolation: 0,interpolation_duration: 1}
data modify storage animated_java:temp entry.data merge value {"cameras":{"camera":{"px":2.3990833211838467,"py":2.3943814696019827,"pz":-5.314304198862809,"ry":62.58492491616852,"rx":2.499999999999997}},"locators":{}}
# Data Manager: Write
function animated_java:global/data_manager/write with storage animated_java:temp args