# This file was generated by Animated Java via MC-Build. It is not recommended to edit this file directly.
$data merge entity $(head) {transformation: [-0.9978f,-0.0126f,0.065f,-0.0042f,0.0288f,0.8015f,0.5973f,1.4134f,-0.0597f,0.5979f,-0.7994f,-1.5226f,0f,0f,0f,1f],start_interpolation: 0,interpolation_duration: 1}
$data merge entity $(right_arm) {transformation: [-0.8874f,0.0759f,0.4548f,-0.2534f,0.0193f,0.9916f,-0.1278f,-1022.6498f,-0.4607f,-0.1046f,-0.8814f,-1.5036f,0f,0f,0f,1f],start_interpolation: 0,interpolation_duration: 1}
$data merge entity $(left_arm) {transformation: [-0.9739f,-0.1766f,-0.1428f,0.2456f,-0.1933f,0.9745f,0.1135f,-2046.6484f,0.1192f,0.1381f,-0.9832f,-1.5362f,0f,0f,0f,1f],start_interpolation: 0,interpolation_duration: 1}
$data merge entity $(torso) {transformation: [-0.9979f,-0.0057f,-0.0651f,-0.0042f,-0.0029f,0.9991f,-0.0431f,-3070.5866f,0.0653f,-0.0428f,-0.9969f,-1.5226f,0f,0f,0f,1f],start_interpolation: 0,interpolation_duration: 1}
$data merge entity $(right_leg) {transformation: [-0.9524f,0.0752f,-0.2953f,-0.125f,0.1171f,0.985f,-0.1268f,-4095.3359f,0.2813f,-0.1553f,-0.947f,-1.4904f,0f,0f,0f,1f],start_interpolation: 0,interpolation_duration: 1}
$data merge entity $(left_leg) {transformation: [-0.9577f,-0.2529f,0.1373f,0.125f,-0.2377f,0.9641f,0.1183f,-5119.3521f,-0.1623f,0.0806f,-0.9834f,-1.5508f,0f,0f,0f,1f],start_interpolation: 0,interpolation_duration: 1}
data modify storage animated_java:temp entry.data merge value {"cameras":{"camera":{"px":2.2598957573990393,"py":2.3373305146522823,"pz":-5.086674442338535,"ry":71.39816299752148,"rx":2.499999999999997}},"locators":{}}
# Data Manager: Write
function animated_java:global/data_manager/write with storage animated_java:temp args