# This file was generated by Animated Java via MC-Build. It is not recommended to edit this file directly.
$data merge entity $(head) {transformation: [-0.9978f,-0.0146f,0.0651f,-0.0035f,0.0282f,0.7915f,0.6105f,1.4138f,-0.0604f,0.611f,-0.7893f,-1.5118f,0f,0f,0f,1f],start_interpolation: 0,interpolation_duration: 1}
$data merge entity $(right_arm) {transformation: [-0.8903f,0.0776f,0.4487f,-0.2527f,0.0252f,0.9923f,-0.1214f,-1022.6494f,-0.4546f,-0.0968f,-0.8854f,-1.4937f,0f,0f,0f,1f],start_interpolation: 0,interpolation_duration: 1}
$data merge entity $(left_arm) {transformation: [-0.9754f,-0.1727f,-0.1374f,0.2462f,-0.1865f,0.9779f,0.0946f,-2046.648f,0.118f,0.1179f,-0.986f,-1.5264f,0f,0f,0f,1f],start_interpolation: 0,interpolation_duration: 1}
$data merge entity $(torso) {transformation: [-0.9979f,-0.0047f,-0.0652f,-0.0035f,-0.0029f,0.9996f,-0.0288f,-3070.5862f,0.0653f,-0.0285f,-0.9975f,-1.5118f,0f,0f,0f,1f],start_interpolation: 0,interpolation_duration: 1}
$data merge entity $(right_leg) {transformation: [-0.9524f,0.0752f,-0.2953f,-0.125f,0.1171f,0.985f,-0.1268f,-4095.3359f,0.2813f,-0.1553f,-0.947f,-1.4904f,0f,0f,0f,1f],start_interpolation: 0,interpolation_duration: 1}
$data merge entity $(left_leg) {transformation: [-0.9599f,-0.2436f,0.1384f,0.125f,-0.2288f,0.9667f,0.1145f,-5119.3521f,-0.1617f,0.0783f,-0.9837f,-1.5508f,0f,0f,0f,1f],start_interpolation: 0,interpolation_duration: 1}
data modify storage animated_java:temp entry.data merge value {"cameras":{"camera":{"px":2.1085070710016054,"py":2.275213223501969,"pz":-4.842615541624145,"ry":80.67065169849823,"rx":2.499999999999997}},"locators":{}}
# Data Manager: Write
function animated_java:global/data_manager/write with storage animated_java:temp args