# This file was generated by Animated Java via MC-Build. It is not recommended to edit this file directly.
$data merge entity $(head) {transformation: [-0.9977f,-0.0164f,0.0651f,-0.0029f,0.0277f,0.7824f,0.6221f,1.414f,-0.0611f,0.6225f,-0.7802f,-1.5022f,0f,0f,0f,1f],start_interpolation: 0,interpolation_duration: 1}
$data merge entity $(right_arm) {transformation: [-0.8929f,0.079f,0.4432f,-0.2521f,0.0304f,0.9928f,-0.1158f,-1022.6492f,-0.4491f,-0.0899f,-0.8889f,-1.4849f,0f,0f,0f,1f],start_interpolation: 0,interpolation_duration: 1}
$data merge entity $(left_arm) {transformation: [-0.9766f,-0.169f,-0.1328f,0.2468f,-0.1803f,0.9805f,0.0777f,-2046.6478f,0.1171f,0.0998f,-0.9881f,-1.5176f,0f,0f,0f,1f],start_interpolation: 0,interpolation_duration: 1}
$data merge entity $(torso) {transformation: [-0.9979f,-0.0039f,-0.0653f,-0.0029f,-0.0029f,0.9999f,-0.0159f,-3070.586f,0.0653f,-0.0157f,-0.9977f,-1.5022f,0f,0f,0f,1f],start_interpolation: 0,interpolation_duration: 1}
$data merge entity $(right_leg) {transformation: [-0.9524f,0.0752f,-0.2953f,-0.125f,0.1171f,0.985f,-0.1268f,-4095.3359f,0.2813f,-0.1553f,-0.947f,-1.4904f,0f,0f,0f,1f],start_interpolation: 0,interpolation_duration: 1}
$data merge entity $(left_leg) {transformation: [-0.9619f,-0.2353f,0.1393f,0.125f,-0.2209f,0.9689f,0.1112f,-5119.3521f,-0.1611f,0.0762f,-0.984f,-1.5508f,0f,0f,0f,1f],start_interpolation: 0,interpolation_duration: 1}
data modify storage animated_java:temp entry.data merge value {"cameras":{"camera":{"px":1.9477602420177862,"py":2.2092050590465075,"pz":-4.5862279486805635,"ry":90.2711765563494,"rx":2.499999999999997}},"locators":{}}
# Data Manager: Write
function animated_java:global/data_manager/write with storage animated_java:temp args