# This file was generated by Animated Java via MC-Build. It is not recommended to edit this file directly.
$data merge entity $(head) {transformation: [-0.9977f,-0.0177f,0.0651f,-0.0024f,0.0275f,0.7741f,0.6325f,1.4141f,-0.0616f,0.6328f,-0.7718f,-1.4946f,0f,0f,0f,1f],start_interpolation: 0,interpolation_duration: 1}
$data merge entity $(right_arm) {transformation: [-0.895f,0.0797f,0.4389f,-0.2517f,0.0345f,0.9933f,-0.11f,-1022.6492f,-0.4447f,-0.0833f,-0.8918f,-1.4779f,0f,0f,0f,1f],start_interpolation: 0,interpolation_duration: 1}
$data merge entity $(left_arm) {transformation: [-0.9775f,-0.1665f,-0.1295f,0.2472f,-0.1758f,0.9823f,0.0645f,-2046.6477f,0.1165f,0.0858f,-0.9895f,-1.5106f,0f,0f,0f,1f],start_interpolation: 0,interpolation_duration: 1}
$data merge entity $(torso) {transformation: [-0.9979f,-0.0032f,-0.0653f,-0.0024f,-0.0029f,1f,-0.0058f,-3070.5859f,0.0653f,-0.0056f,-0.9978f,-1.4946f,0f,0f,0f,1f],start_interpolation: 0,interpolation_duration: 1}
$data merge entity $(right_leg) {transformation: [-0.9524f,0.0752f,-0.2953f,-0.125f,0.1171f,0.985f,-0.1268f,-4095.3359f,0.2813f,-0.1553f,-0.947f,-1.4904f,0f,0f,0f,1f],start_interpolation: 0,interpolation_duration: 1}
$data merge entity $(left_leg) {transformation: [-0.9634f,-0.2285f,0.1399f,0.125f,-0.2144f,0.9707f,0.1088f,-5119.3521f,-0.1607f,0.0748f,-0.9842f,-1.5508f,0f,0f,0f,1f],start_interpolation: 0,interpolation_duration: 1}
data modify storage animated_java:temp entry.data merge value {"cameras":{"camera":{"px":1.78049825047383,"py":2.1404814841813673,"pz":-4.321612115468726,"ry":100.06852310832487,"rx":2.499999999999998}},"locators":{}}
# Data Manager: Write
function animated_java:global/data_manager/write with storage animated_java:temp args