# This file was generated by Animated Java via MC-Build. It is not recommended to edit this file directly.
$data merge entity $(bone2) {transformation: [-0.9982f,-0.0601f,-0.0056f,-0.1571f,-0.0604f,0.9939f,0.0928f,2.5969f,0f,0.0929f,-0.9957f,0.3261f,0f,0f,0f,1f],start_interpolation: 0,interpolation_duration: 1}
$data merge entity $(bone3) {transformation: [-0.9982f,-0.0601f,-0.0056f,-0.1402f,-0.0604f,0.9939f,0.0928f,2.3174f,0f,0.0929f,-0.9957f,0.3f,0f,0f,0f,1f],start_interpolation: 0,interpolation_duration: 1}
$data merge entity $(bone1) {transformation: [-0.9982f,-0.0601f,-0.0056f,-0.1413f,-0.0604f,0.9939f,0.0928f,2.3355f,0f,0.0929f,-0.9957f,0.1055f,0f,0f,0f,1f],start_interpolation: 0,interpolation_duration: 1}
$data merge entity $(bone) {transformation: [-0.9982f,-0.0601f,-0.0056f,-0.0961f,-0.0604f,0.9939f,0.0928f,1.5894f,0f,0.0929f,-0.9957f,0.0436f,0f,0f,0f,1f],start_interpolation: 0,interpolation_duration: 1}
$data merge entity $(bone4) {transformation: [-0.9982f,-0.0602f,-0.004f,-0.0566f,-0.0604f,0.996f,0.0663f,0.9358f,0f,0.0664f,-0.9978f,0f,0f,0f,0f,1f],start_interpolation: 0,interpolation_duration: 1}
$data merge entity $(root) {transformation: [-0.9982f,-0.0604f,0f,0f,-0.0604f,0.9982f,0f,0f,0f,0f,-1f,0f,0f,0f,0f,1f],start_interpolation: 0,interpolation_duration: 1}
data modify storage animated_java:temp entry.data merge value {"cameras":{},"locators":{"entity_hitbox":{"px":0,"py":0,"pz":0,"ry":0,"rx":0},"locator":{"px":-0.1472404867,"py":2.4341584761,"pz":1.0641744566,"ry":359.677071787,"rx":5.3232050079}}}
# Data Manager: Write
function animated_java:global/data_manager/write with storage animated_java:temp args