# This file was generated by Animated Java via MC-Build. It is not recommended to edit this file directly.
$data merge entity $(bone2) {transformation: [-0.9978f,-0.0655f,-0.0071f,-0.1712f,-0.0659f,0.9921f,0.1071f,2.5913f,0f,0.1073f,-0.9942f,0.3474f,0f,0f,0f,1f],start_interpolation: 0,interpolation_duration: 1}
$data merge entity $(bone3) {transformation: [-0.9978f,-0.0655f,-0.0071f,-0.1528f,-0.0659f,0.9921f,0.1071f,2.3123f,0f,0.1073f,-0.9942f,0.3172f,0f,0f,0f,1f],start_interpolation: 0,interpolation_duration: 1}
$data merge entity $(bone1) {transformation: [-0.9978f,-0.0655f,-0.0071f,-0.1542f,-0.0659f,0.9921f,0.1071f,2.3332f,0f,0.1073f,-0.9942f,0.1231f,0f,0f,0f,1f],start_interpolation: 0,interpolation_duration: 1}
$data merge entity $(bone) {transformation: [-0.9978f,-0.0655f,-0.0071f,-0.1049f,-0.0659f,0.9921f,0.1071f,1.5884f,0f,0.1073f,-0.9942f,0.0503f,0f,0f,0f,1f],start_interpolation: 0,interpolation_duration: 1}
$data merge entity $(bone4) {transformation: [-0.9978f,-0.0657f,-0.0051f,-0.0618f,-0.0659f,0.9949f,0.0766f,0.9355f,0f,0.0767f,-0.9971f,0f,0f,0f,0f,1f],start_interpolation: 0,interpolation_duration: 1}
$data merge entity $(root) {transformation: [-0.9978f,-0.0659f,0f,0f,-0.0659f,0.9978f,0f,0f,0f,0f,-1f,0f,0f,0f,0f,1f],start_interpolation: 0,interpolation_duration: 1}
data modify storage animated_java:temp entry.data merge value {"cameras":{},"locators":{"entity_hitbox":{"px":0,"py":0,"pz":0,"ry":0,"rx":0},"locator":{"px":-0.1597577754,"py":2.4180323569,"pz":1.0830325503,"ry":359.5923332327,"rx":6.146547473}}}
# Data Manager: Write
function animated_java:global/data_manager/write with storage animated_java:temp args