# This file was generated by Animated Java via MC-Build. It is not recommended to edit this file directly.
$data merge entity $(bone2) {transformation: [-0.9975f,-0.0705f,-0.0087f,-0.1842f,-0.0711f,0.99f,0.1217f,2.5854f,0f,0.122f,-0.9925f,0.3692f,0f,0f,0f,1f],start_interpolation: 0,interpolation_duration: 1}
$data merge entity $(bone3) {transformation: [-0.9975f,-0.0705f,-0.0087f,-0.1643f,-0.0711f,0.99f,0.1217f,2.3069f,0f,0.122f,-0.9925f,0.3349f,0f,0f,0f,1f],start_interpolation: 0,interpolation_duration: 1}
$data merge entity $(bone1) {transformation: [-0.9975f,-0.0705f,-0.0087f,-0.166f,-0.0711f,0.99f,0.1217f,2.3307f,0f,0.122f,-0.9925f,0.1411f,0f,0f,0f,1f],start_interpolation: 0,interpolation_duration: 1}
$data merge entity $(bone) {transformation: [-0.9975f,-0.0705f,-0.0087f,-0.1131f,-0.0711f,0.99f,0.1217f,1.5872f,0f,0.122f,-0.9925f,0.0573f,0f,0f,0f,1f],start_interpolation: 0,interpolation_duration: 1}
$data merge entity $(bone4) {transformation: [-0.9975f,-0.0708f,-0.0062f,-0.0666f,-0.0711f,0.9937f,0.0871f,0.9351f,0f,0.0873f,-0.9962f,0f,0f,0f,0f,1f],start_interpolation: 0,interpolation_duration: 1}
$data merge entity $(root) {transformation: [-0.9975f,-0.0711f,0f,0f,-0.0711f,0.9975f,0f,0f,0f,0f,-1f,0f,0f,0f,0f,1f],start_interpolation: 0,interpolation_duration: 1}
data modify storage animated_java:temp entry.data merge value {"cameras":{},"locators":{"entity_hitbox":{"px":0,"py":0,"pz":0,"ry":0,"rx":0},"locator":{"px":-0.1710561104,"py":2.4012307267,"pz":1.1021927253,"ry":359.4993776328,"rx":6.9925614422}}}
# Data Manager: Write
function animated_java:global/data_manager/write with storage animated_java:temp args