# This file was generated by Animated Java via MC-Build. It is not recommended to edit this file directly.
$data merge entity $(bone2) {transformation: [-0.9971f,-0.075f,-0.0104f,-0.1957f,-0.0757f,0.9877f,0.1366f,2.579f,0f,0.137f,-0.9906f,0.3914f,0f,0f,0f,1f],start_interpolation: 0,interpolation_duration: 1}
$data merge entity $(bone3) {transformation: [-0.9971f,-0.075f,-0.0104f,-0.1746f,-0.0757f,0.9877f,0.1366f,2.3012f,0f,0.137f,-0.9906f,0.3528f,0f,0f,0f,1f],start_interpolation: 0,interpolation_duration: 1}
$data merge entity $(bone1) {transformation: [-0.9971f,-0.075f,-0.0104f,-0.1767f,-0.0757f,0.9877f,0.1366f,2.3279f,0f,0.137f,-0.9906f,0.1594f,0f,0f,0f,1f],start_interpolation: 0,interpolation_duration: 1}
$data merge entity $(bone) {transformation: [-0.9971f,-0.075f,-0.0104f,-0.1204f,-0.0757f,0.9877f,0.1366f,1.586f,0f,0.137f,-0.9906f,0.0643f,0f,0f,0f,1f],start_interpolation: 0,interpolation_duration: 1}
$data merge entity $(bone4) {transformation: [-0.9971f,-0.0753f,-0.0074f,-0.0709f,-0.0757f,0.9923f,0.0978f,0.9348f,0f,0.098f,-0.9952f,0f,0f,0f,0f,1f],start_interpolation: 0,interpolation_duration: 1}
$data merge entity $(root) {transformation: [-0.9971f,-0.0757f,0f,0f,-0.0757f,0.9971f,0f,0f,0f,0f,-1f,0f,0f,0f,0f,1f],start_interpolation: 0,interpolation_duration: 1}
data modify storage animated_java:temp entry.data merge value {"cameras":{},"locators":{"entity_hitbox":{"px":0,"py":0,"pz":0,"ry":0,"rx":0},"locator":{"px":-0.1809215772,"py":2.383919269,"pz":1.1214602337,"ry":359.4002010814,"rx":7.85356865}}}
# Data Manager: Write
function animated_java:global/data_manager/write with storage animated_java:temp args