# This file was generated by Animated Java via MC-Build. It is not recommended to edit this file directly.
$data merge entity $(bone2) {transformation: [-0.9968f,-0.0788f,-0.0121f,-0.2056f,-0.0797f,0.9852f,0.1516f,2.5724f,0f,0.1521f,-0.9884f,0.4136f,0f,0f,0f,1f],start_interpolation: 0,interpolation_duration: 1}
$data merge entity $(bone3) {transformation: [-0.9968f,-0.0788f,-0.0121f,-0.1835f,-0.0797f,0.9852f,0.1516f,2.2953f,0f,0.1521f,-0.9884f,0.3709f,0f,0f,0f,1f],start_interpolation: 0,interpolation_duration: 1}
$data merge entity $(bone1) {transformation: [-0.9968f,-0.0788f,-0.0121f,-0.1858f,-0.0797f,0.9852f,0.1516f,2.3249f,0f,0.1521f,-0.9884f,0.1778f,0f,0f,0f,1f],start_interpolation: 0,interpolation_duration: 1}
$data merge entity $(bone) {transformation: [-0.9968f,-0.0788f,-0.0121f,-0.1267f,-0.0797f,0.9852f,0.1516f,1.5848f,0f,0.1521f,-0.9884f,0.0714f,0f,0f,0f,1f],start_interpolation: 0,interpolation_duration: 1}
$data merge entity $(bone4) {transformation: [-0.9968f,-0.0792f,-0.0087f,-0.0747f,-0.0797f,0.9909f,0.1085f,0.9345f,0f,0.1089f,-0.9941f,0f,0f,0f,0f,1f],start_interpolation: 0,interpolation_duration: 1}
$data merge entity $(root) {transformation: [-0.9968f,-0.0797f,0f,0f,-0.0797f,0.9968f,0f,0f,0f,0f,-1f,0f,0f,0f,0f,1f],start_interpolation: 0,interpolation_duration: 1}
data modify storage animated_java:temp entry.data merge value {"cameras":{},"locators":{"entity_hitbox":{"px":0,"py":0,"pz":0,"ry":0,"rx":0},"locator":{"px":-0.1891519811,"py":2.3662746677,"pz":1.1406484772,"ry":359.2973425873,"rx":8.721960343}}}
# Data Manager: Write
function animated_java:global/data_manager/write with storage animated_java:temp args