# This file was generated by Animated Java via MC-Build. It is not recommended to edit this file directly.
$data merge entity $(bone2) {transformation: [-0.9966f,-0.0819f,-0.0132f,-0.2136f,-0.083f,0.9839f,0.1582f,2.5655f,0f,0.1587f,-0.9873f,0.4358f,0f,0f,0f,1f],start_interpolation: 0,interpolation_duration: 1}
$data merge entity $(bone3) {transformation: [-0.9966f,-0.0817f,-0.0146f,-0.1906f,-0.083f,0.9811f,0.175f,2.2892f,0f,0.1756f,-0.9845f,0.3888f,0f,0f,0f,1f],start_interpolation: 0,interpolation_duration: 1}
$data merge entity $(bone1) {transformation: [-0.9966f,-0.0818f,-0.0139f,-0.1933f,-0.083f,0.9825f,0.1666f,2.3217f,0f,0.1672f,-0.9859f,0.1962f,0f,0f,0f,1f],start_interpolation: 0,interpolation_duration: 1}
$data merge entity $(bone) {transformation: [-0.9966f,-0.0818f,-0.0139f,-0.1319f,-0.083f,0.9825f,0.1666f,1.5836f,0f,0.1672f,-0.9859f,0.0785f,0f,0f,0f,1f],start_interpolation: 0,interpolation_duration: 1}
$data merge entity $(bone4) {transformation: [-0.9966f,-0.0824f,-0.0099f,-0.0778f,-0.083f,0.9894f,0.1193f,0.9343f,0f,0.1197f,-0.9928f,0f,0f,0f,0f,1f],start_interpolation: 0,interpolation_duration: 1}
$data merge entity $(root) {transformation: [-0.9966f,-0.083f,0f,0f,-0.083f,0.9966f,0f,0f,0f,0f,-1f,0f,0f,0f,0f,1f],start_interpolation: 0,interpolation_duration: 1}
data modify storage animated_java:temp entry.data merge value {"cameras":{},"locators":{"entity_hitbox":{"px":0,"py":0,"pz":0,"ry":0,"rx":0},"locator":{"px":-0.1955566259,"py":2.3484831615,"pz":1.1595796251,"ry":359.1938618579,"rx":9.5901978386}}}
# Data Manager: Write
function animated_java:global/data_manager/write with storage animated_java:temp args