# This file was generated by Animated Java via MC-Build. It is not recommended to edit this file directly.
$data merge entity $(bone2) {transformation: [-0.9963f,-0.0845f,-0.0129f,-0.2195f,-0.0855f,0.985f,0.1502f,2.5586f,0f,0.1507f,-0.9886f,0.4577f,0f,0f,0f,1f],start_interpolation: 0,interpolation_duration: 1}
$data merge entity $(bone3) {transformation: [-0.9963f,-0.0835f,-0.0182f,-0.1959f,-0.0855f,0.9734f,0.2124f,2.2831f,0f,0.2132f,-0.977f,0.4065f,0f,0f,0f,1f],start_interpolation: 0,interpolation_duration: 1}
$data merge entity $(bone1) {transformation: [-0.9963f,-0.084f,-0.0156f,-0.1989f,-0.0855f,0.9797f,0.1814f,2.3185f,0f,0.1821f,-0.9833f,0.2144f,0f,0f,0f,1f],start_interpolation: 0,interpolation_duration: 1}
$data merge entity $(bone) {transformation: [-0.9963f,-0.084f,-0.0156f,-0.1357f,-0.0855f,0.9797f,0.1814f,1.5823f,0f,0.1821f,-0.9833f,0.0856f,0f,0f,0f,1f],start_interpolation: 0,interpolation_duration: 1}
$data merge entity $(bone4) {transformation: [-0.9963f,-0.0847f,-0.0111f,-0.0801f,-0.0855f,0.9878f,0.1299f,0.9341f,0f,0.1304f,-0.9915f,0f,0f,0f,0f,1f],start_interpolation: 0,interpolation_duration: 1}
$data merge entity $(root) {transformation: [-0.9963f,-0.0855f,0f,0f,-0.0855f,0.9963f,0f,0f,0f,0f,-1f,0f,0f,0f,0f,1f],start_interpolation: 0,interpolation_duration: 1}
data modify storage animated_java:temp entry.data merge value {"cameras":{},"locators":{"entity_hitbox":{"px":0,"py":0,"pz":0,"ry":0,"rx":0},"locator":{"px":-0.1999556586,"py":2.3307387418,"pz":1.1780850387,"ry":359.0933030681,"rx":10.4508070498}}}
# Data Manager: Write
function animated_java:global/data_manager/write with storage animated_java:temp args