# This file was generated by Animated Java via MC-Build. It is not recommended to edit this file directly.
$data merge entity $(bone2) {transformation: [-0.9962f,-0.0863f,-0.0115f,-0.223f,-0.0871f,0.9875f,0.1311f,2.5517f,0f,0.1316f,-0.9913f,0.4791f,0f,0f,0f,1f],start_interpolation: 0,interpolation_duration: 1}
$data merge entity $(bone3) {transformation: [-0.9962f,-0.0841f,-0.0227f,-0.199f,-0.0871f,0.9617f,0.2599f,2.277f,0f,0.2608f,-0.9654f,0.4238f,0f,0f,0f,1f],start_interpolation: 0,interpolation_duration: 1}
$data merge entity $(bone1) {transformation: [-0.9962f,-0.0854f,-0.0171f,-0.2024f,-0.0871f,0.9768f,0.1959f,2.3153f,0f,0.1966f,-0.9805f,0.2323f,0f,0f,0f,1f],start_interpolation: 0,interpolation_duration: 1}
$data merge entity $(bone) {transformation: [-0.9962f,-0.0854f,-0.0171f,-0.1382f,-0.0871f,0.9768f,0.1959f,1.5812f,0f,0.1966f,-0.9805f,0.0925f,0f,0f,0f,1f],start_interpolation: 0,interpolation_duration: 1}
$data merge entity $(bone4) {transformation: [-0.9962f,-0.0862f,-0.0123f,-0.0816f,-0.0871f,0.9863f,0.1404f,0.9339f,0f,0.1409f,-0.99f,0f,0f,0f,0f,1f],start_interpolation: 0,interpolation_duration: 1}
$data merge entity $(root) {transformation: [-0.9962f,-0.0871f,0f,0f,-0.0871f,0.9962f,0f,0f,0f,0f,-1f,0f,0f,0f,0f,1f],start_interpolation: 0,interpolation_duration: 1}
data modify storage animated_java:temp entry.data merge value {"cameras":{},"locators":{"entity_hitbox":{"px":0,"py":0,"pz":0,"ry":0,"rx":0},"locator":{"px":-0.2021789547,"py":2.3132410358,"pz":1.1960054816,"ry":358.9996436672,"rx":11.2963661248}}}
# Data Manager: Write
function animated_java:global/data_manager/write with storage animated_java:temp args