# This file was generated by Animated Java via MC-Build. It is not recommended to edit this file directly.
$data merge entity $(bone2) {transformation: [-0.9962f,-0.0872f,-0.0092f,-0.224f,-0.0877f,0.9907f,0.1042f,2.5449f,0f,0.1047f,-0.9945f,0.4998f,0f,0f,0f,1f],start_interpolation: 0,interpolation_duration: 1}
$data merge entity $(bone3) {transformation: [-0.9962f,-0.0832f,-0.0276f,-0.1999f,-0.0877f,0.9456f,0.3132f,2.2711f,0f,0.3144f,-0.9493f,0.4405f,0f,0f,0f,1f],start_interpolation: 0,interpolation_duration: 1}
$data merge entity $(bone1) {transformation: [-0.9962f,-0.0857f,-0.0185f,-0.2035f,-0.0877f,0.9738f,0.21f,2.3121f,0f,0.2108f,-0.9775f,0.2496f,0f,0f,0f,1f],start_interpolation: 0,interpolation_duration: 1}
$data merge entity $(bone) {transformation: [-0.9962f,-0.0857f,-0.0185f,-0.139f,-0.0877f,0.9738f,0.21f,1.5801f,0f,0.2108f,-0.9775f,0.0992f,0f,0f,0f,1f],start_interpolation: 0,interpolation_duration: 1}
$data merge entity $(bone4) {transformation: [-0.9962f,-0.0867f,-0.0132f,-0.0822f,-0.0877f,0.9847f,0.1505f,0.9339f,0f,0.1511f,-0.9885f,0f,0f,0f,0f,1f],start_interpolation: 0,interpolation_duration: 1}
$data merge entity $(root) {transformation: [-0.9962f,-0.0877f,0f,0f,-0.0877f,0.9962f,0f,0f,0f,0f,-1f,0f,0f,0f,0f,1f],start_interpolation: 0,interpolation_duration: 1}
data modify storage animated_java:temp entry.data merge value {"cameras":{},"locators":{"entity_hitbox":{"px":0,"py":0,"pz":0,"ry":0,"rx":0},"locator":{"px":-0.2020645287,"py":2.2961929119,"pz":1.2131910972,"ry":358.9172270071,"rx":12.1194855973}}}
# Data Manager: Write
function animated_java:global/data_manager/write with storage animated_java:temp args