# This file was generated by Animated Java via MC-Build. It is not recommended to edit this file directly.
$data merge entity $(bone2) {transformation: [-0.9962f,-0.0869f,-0.0064f,-0.2221f,-0.0872f,0.9935f,0.0732f,2.5384f,0f,0.0735f,-0.9973f,0.5196f,0f,0f,0f,1f],start_interpolation: 0,interpolation_duration: 1}
$data merge entity $(bone3) {transformation: [-0.9962f,-0.081f,-0.0322f,-0.1982f,-0.0872f,0.9255f,0.3685f,2.2654f,0f,0.37f,-0.929f,0.4566f,0f,0f,0f,1f],start_interpolation: 0,interpolation_duration: 1}
$data merge entity $(bone1) {transformation: [-0.9962f,-0.0849f,-0.0196f,-0.202f,-0.0872f,0.9708f,0.2235f,2.309f,0f,0.2243f,-0.9745f,0.2662f,0f,0f,0f,1f],start_interpolation: 0,interpolation_duration: 1}
$data merge entity $(bone) {transformation: [-0.9962f,-0.0849f,-0.0196f,-0.1382f,-0.0872f,0.9708f,0.2235f,1.5792f,0f,0.2243f,-0.9745f,0.1056f,0f,0f,0f,1f],start_interpolation: 0,interpolation_duration: 1}
$data merge entity $(bone4) {transformation: [-0.9962f,-0.086f,-0.014f,-0.0817f,-0.0872f,0.9832f,0.1603f,0.9339f,0f,0.1609f,-0.987f,0f,0f,0f,0f,1f],start_interpolation: 0,interpolation_duration: 1}
$data merge entity $(root) {transformation: [-0.9962f,-0.0872f,0f,0f,-0.0872f,0.9962f,0f,0f,0f,0f,-1f,0f,0f,0f,0f,1f],start_interpolation: 0,interpolation_duration: 1}
data modify storage animated_java:temp entry.data merge value {"cameras":{},"locators":{"entity_hitbox":{"px":0,"py":0,"pz":0,"ry":0,"rx":0},"locator":{"px":-0.1994564659,"py":2.2797978371,"pz":1.2295011348,"ry":358.8506773378,"rx":12.9127807723}}}
# Data Manager: Write
function animated_java:global/data_manager/write with storage animated_java:temp args