# This file was generated by Animated Java via MC-Build. It is not recommended to edit this file directly.
$data merge entity $(bone2) {transformation: [-0.9964f,-0.0853f,-0.0035f,-0.2169f,-0.0853f,0.9955f,0.0414f,2.5323f,0f,0.0415f,-0.9991f,0.5384f,0f,0f,0f,1f],start_interpolation: 0,interpolation_duration: 1}
$data merge entity $(bone3) {transformation: [-0.9964f,-0.0773f,-0.0361f,-0.1936f,-0.0853f,0.9026f,0.422f,2.26f,0f,0.4236f,-0.9059f,0.4717f,0f,0f,0f,1f],start_interpolation: 0,interpolation_duration: 1}
$data merge entity $(bone1) {transformation: [-0.9964f,-0.0829f,-0.0202f,-0.1975f,-0.0853f,0.9679f,0.2363f,2.3062f,0f,0.2372f,-0.9715f,0.282f,0f,0f,0f,1f],start_interpolation: 0,interpolation_duration: 1}
$data merge entity $(bone) {transformation: [-0.9964f,-0.0829f,-0.0202f,-0.1352f,-0.0853f,0.9679f,0.2363f,1.5784f,0f,0.2372f,-0.9715f,0.1117f,0f,0f,0f,1f],start_interpolation: 0,interpolation_duration: 1}
$data merge entity $(bone4) {transformation: [-0.9964f,-0.0841f,-0.0145f,-0.08f,-0.0853f,0.9818f,0.1696f,0.9341f,0f,0.1702f,-0.9854f,0f,0f,0f,0f,1f],start_interpolation: 0,interpolation_duration: 1}
$data merge entity $(root) {transformation: [-0.9964f,-0.0853f,0f,0f,-0.0853f,0.9964f,0f,0f,0f,0f,-1f,0f,0f,0f,0f,1f],start_interpolation: 0,interpolation_duration: 1}
data modify storage animated_java:temp entry.data merge value {"cameras":{},"locators":{"entity_hitbox":{"px":0,"py":0,"pz":0,"ry":0,"rx":0},"locator":{"px":-0.1939245156,"py":2.2642808178,"pz":1.2448034103,"ry":358.8065051753,"rx":13.6689830568}}}
# Data Manager: Write
function animated_java:global/data_manager/write with storage animated_java:temp args