# This file was generated by Animated Java via MC-Build. It is not recommended to edit this file directly.
$data merge entity $(bone2) {transformation: [-0.9966f,-0.0821f,-0.001f,-0.2082f,-0.0821f,0.9965f,0.0124f,2.5266f,0f,0.0124f,-0.9999f,0.556f,0f,0f,0f,1f],start_interpolation: 0,interpolation_duration: 1}
$data merge entity $(bone3) {transformation: [-0.9966f,-0.0724f,-0.0387f,-0.1859f,-0.0821f,0.8787f,0.4702f,2.2551f,0f,0.4718f,-0.8817f,0.4859f,0f,0f,0f,1f],start_interpolation: 0,interpolation_duration: 1}
$data merge entity $(bone1) {transformation: [-0.9966f,-0.0795f,-0.0205f,-0.1898f,-0.0821f,0.9652f,0.2484f,2.3036f,0f,0.2492f,-0.9685f,0.2968f,0f,0f,0f,1f],start_interpolation: 0,interpolation_duration: 1}
$data merge entity $(bone) {transformation: [-0.9966f,-0.0795f,-0.0205f,-0.13f,-0.0821f,0.9652f,0.2484f,1.5778f,0f,0.2492f,-0.9685f,0.1174f,0f,0f,0f,1f],start_interpolation: 0,interpolation_duration: 1}
$data merge entity $(bone4) {transformation: [-0.9966f,-0.0808f,-0.0147f,-0.077f,-0.0821f,0.9805f,0.1783f,0.9343f,0f,0.1789f,-0.9839f,0f,0f,0f,0f,1f],start_interpolation: 0,interpolation_duration: 1}
$data merge entity $(root) {transformation: [-0.9966f,-0.0821f,0f,0f,-0.0821f,0.9966f,0f,0f,0f,0f,-1f,0f,0f,0f,0f,1f],start_interpolation: 0,interpolation_duration: 1}
data modify storage animated_java:temp entry.data merge value {"cameras":{},"locators":{"entity_hitbox":{"px":0,"py":0,"pz":0,"ry":0,"rx":0},"locator":{"px":-0.1854141968,"py":2.2498270176,"pz":1.2589734898,"ry":358.789240256,"rx":14.3805619895}}}
# Data Manager: Write
function animated_java:global/data_manager/write with storage animated_java:temp args