# This file was generated by Animated Java via MC-Build. It is not recommended to edit this file directly.
$data merge entity $(bone2) {transformation: [-0.997f,-0.0777f,0.0008f,-0.1965f,-0.0777f,0.9969f,-0.0103f,2.5214f,0f,-0.0104f,-0.9999f,0.5721f,0f,0f,0f,1f],start_interpolation: 0,interpolation_duration: 1}
$data merge entity $(bone3) {transformation: [-0.997f,-0.0668f,-0.0397f,-0.1754f,-0.0777f,0.8567f,0.51f,2.2507f,0f,0.5115f,-0.8593f,0.4989f,0f,0f,0f,1f],start_interpolation: 0,interpolation_duration: 1}
$data merge entity $(bone1) {transformation: [-0.997f,-0.075f,-0.0202f,-0.1794f,-0.0777f,0.9626f,0.2595f,2.3014f,0f,0.2603f,-0.9655f,0.3104f,0f,0f,0f,1f],start_interpolation: 0,interpolation_duration: 1}
$data merge entity $(bone) {transformation: [-0.997f,-0.075f,-0.0202f,-0.1229f,-0.0777f,0.9626f,0.2595f,1.5774f,0f,0.2603f,-0.9655f,0.1227f,0f,0f,0f,1f],start_interpolation: 0,interpolation_duration: 1}
$data merge entity $(bone4) {transformation: [-0.997f,-0.0763f,-0.0145f,-0.0728f,-0.0777f,0.9794f,0.1864f,0.9347f,0f,0.187f,-0.9824f,0f,0f,0f,0f,1f],start_interpolation: 0,interpolation_duration: 1}
$data merge entity $(root) {transformation: [-0.997f,-0.0777f,0f,0f,-0.0777f,0.997f,0f,0f,0f,0f,-1f,0f,0f,0f,0f,1f],start_interpolation: 0,interpolation_duration: 1}
data modify storage animated_java:temp entry.data merge value {"cameras":{},"locators":{"entity_hitbox":{"px":0,"py":0,"pz":0,"ry":0,"rx":0},"locator":{"px":-0.1743225447,"py":2.2365769024,"pz":1.2718935862,"ry":358.8000150401,"rx":15.039600982}}}
# Data Manager: Write
function animated_java:global/data_manager/write with storage animated_java:temp args