# This file was generated by Animated Java via MC-Build. It is not recommended to edit this file directly.
$data merge entity $(bone2) {transformation: [-0.9978f,-0.0657f,0.0015f,-0.1656f,-0.0657f,0.9976f,-0.0226f,2.5129f,0f,-0.0226f,-0.9997f,0.5995f,0f,0f,0f,1f],start_interpolation: 0,interpolation_duration: 1}
$data merge entity $(bone3) {transformation: [-0.9978f,-0.0547f,-0.0365f,-0.1478f,-0.0657f,0.8301f,0.5537f,2.2434f,0f,0.5549f,-0.8319f,0.521f,0f,0f,0f,1f],start_interpolation: 0,interpolation_duration: 1}
$data merge entity $(bone1) {transformation: [-0.9978f,-0.0631f,-0.0183f,-0.1514f,-0.0657f,0.9582f,0.2784f,2.2978f,0f,0.2791f,-0.9603f,0.3335f,0f,0f,0f,1f],start_interpolation: 0,interpolation_duration: 1}
$data merge entity $(bone) {transformation: [-0.9978f,-0.0631f,-0.0183f,-0.1039f,-0.0657f,0.9582f,0.2784f,1.577f,0f,0.2791f,-0.9603f,0.1317f,0f,0f,0f,1f],start_interpolation: 0,interpolation_duration: 1}
$data merge entity $(bone4) {transformation: [-0.9978f,-0.0644f,-0.0132f,-0.0616f,-0.0657f,0.9775f,0.2002f,0.9355f,0f,0.2006f,-0.9797f,0f,0f,0f,0f,1f],start_interpolation: 0,interpolation_duration: 1}
$data merge entity $(root) {transformation: [-0.9978f,-0.0657f,0f,0f,-0.0657f,0.9978f,0f,0f,0f,0f,-1f,0f,0f,0f,0f,1f],start_interpolation: 0,interpolation_duration: 1}
data modify storage animated_java:temp entry.data merge value {"cameras":{},"locators":{"entity_hitbox":{"px":0,"py":0,"pz":0,"ry":0,"rx":0},"locator":{"px":-0.1458877551,"py":2.214251203,"pz":1.2935372669,"ry":358.9055089054,"rx":16.1676859325}}}
# Data Manager: Write
function animated_java:global/data_manager/write with storage animated_java:temp args