# This file was generated by Animated Java via MC-Build. It is not recommended to edit this file directly.
$data merge entity $(bone2) {transformation: [-0.9983f,-0.0585f,0.0008f,-0.1471f,-0.0585f,0.9982f,-0.0133f,2.5097f,0f,-0.0133f,-0.9999f,0.6103f,0f,0f,0f,1f],start_interpolation: 0,interpolation_duration: 1}
$data merge entity $(bone3) {transformation: [-0.9983f,-0.0485f,-0.0328f,-0.1313f,-0.0585f,0.827f,0.5591f,2.2407f,0f,0.5601f,-0.8284f,0.5298f,0f,0f,0f,1f],start_interpolation: 0,interpolation_duration: 1}
$data merge entity $(bone1) {transformation: [-0.9983f,-0.056f,-0.0168f,-0.1346f,-0.0585f,0.9564f,0.286f,2.2965f,0f,0.2865f,-0.9581f,0.3426f,0f,0f,0f,1f],start_interpolation: 0,interpolation_duration: 1}
$data merge entity $(bone) {transformation: [-0.9983f,-0.056f,-0.0168f,-0.0924f,-0.0585f,0.9564f,0.286f,1.577f,0f,0.2865f,-0.9581f,0.1352f,0f,0f,0f,1f],start_interpolation: 0,interpolation_duration: 1}
$data merge entity $(bone4) {transformation: [-0.9983f,-0.0572f,-0.0121f,-0.0548f,-0.0585f,0.9769f,0.2057f,0.9359f,0f,0.2061f,-0.9785f,0f,0f,0f,0f,1f],start_interpolation: 0,interpolation_duration: 1}
$data merge entity $(root) {transformation: [-0.9983f,-0.0585f,0f,0f,-0.0585f,0.9983f,0f,0f,0f,0f,-1f,0f,0f,0f,0f,1f],start_interpolation: 0,interpolation_duration: 1}
data modify storage animated_java:temp entry.data merge value {"cameras":{},"locators":{"entity_hitbox":{"px":0,"py":0,"pz":0,"ry":0,"rx":0},"locator":{"px":-0.1292422536,"py":2.2054645164,"pz":1.3020445182,"ry":358.9977145711,"rx":16.6202866262}}}
# Data Manager: Write
function animated_java:global/data_manager/write with storage animated_java:temp args