# This file was generated by Animated Java via MC-Build. It is not recommended to edit this file directly.
$data merge entity $(bone2) {transformation: [-0.9991f,-0.0422f,-0.0004f,-0.1059f,-0.0422f,0.9991f,0.0092f,2.5054f,0f,0.0092f,-1f,0.6256f,0f,0f,0f,1f],start_interpolation: 0,interpolation_duration: 1}
$data merge entity $(bone3) {transformation: [-0.9991f,-0.035f,-0.0236f,-0.0945f,-0.0422f,0.8281f,0.5591f,2.2371f,0f,0.5596f,-0.8288f,0.542f,0f,0f,0f,1f],start_interpolation: 0,interpolation_duration: 1}
$data merge entity $(bone1) {transformation: [-0.9991f,-0.0403f,-0.0125f,-0.097f,-0.0422f,0.954f,0.2967f,2.295f,0f,0.297f,-0.9549f,0.3555f,0f,0f,0f,1f],start_interpolation: 0,interpolation_duration: 1}
$data merge entity $(bone) {transformation: [-0.9991f,-0.0403f,-0.0125f,-0.0667f,-0.0422f,0.954f,0.2967f,1.5772f,0f,0.297f,-0.9549f,0.1403f,0f,0f,0f,1f],start_interpolation: 0,interpolation_duration: 1}
$data merge entity $(bone4) {transformation: [-0.9991f,-0.0412f,-0.009f,-0.0396f,-0.0422f,0.976f,0.2135f,0.9367f,0f,0.2137f,-0.9769f,0f,0f,0f,0f,1f],start_interpolation: 0,interpolation_duration: 1}
$data merge entity $(root) {transformation: [-0.9991f,-0.0422f,0f,0f,-0.0422f,0.9991f,0f,0f,0f,0f,-1f,0f,0f,0f,0f,1f],start_interpolation: 0,interpolation_duration: 1}
data modify storage animated_java:temp entry.data merge value {"cameras":{},"locators":{"entity_hitbox":{"px":0,"py":0,"pz":0,"ry":0,"rx":0},"locator":{"px":-0.0926976268,"py":2.1933983859,"pz":1.3138871772,"ry":359.2475848055,"rx":17.2611445779}}}
# Data Manager: Write
function animated_java:global/data_manager/write with storage animated_java:temp args