# This file was generated by Animated Java via MC-Build. It is not recommended to edit this file directly.
$data merge entity $(bone2) {transformation: [-0.9994f,-0.0335f,-0.0007f,-0.0839f,-0.0335f,0.9992f,0.0216f,2.5045f,0f,0.0216f,-0.9998f,0.6296f,0f,0f,0f,1f],start_interpolation: 0,interpolation_duration: 1}
$data merge entity $(bone3) {transformation: [-0.9994f,-0.0279f,-0.0186f,-0.0749f,-0.0335f,0.832f,0.5538f,2.2363f,0f,0.5541f,-0.8325f,0.5453f,0f,0f,0f,1f],start_interpolation: 0,interpolation_duration: 1}
$data merge entity $(bone1) {transformation: [-0.9994f,-0.0319f,-0.01f,-0.0769f,-0.0335f,0.9535f,0.2996f,2.2949f,0f,0.2998f,-0.954f,0.3589f,0f,0f,0f,1f],start_interpolation: 0,interpolation_duration: 1}
$data merge entity $(bone) {transformation: [-0.9994f,-0.0319f,-0.01f,-0.0528f,-0.0335f,0.9535f,0.2996f,1.5774f,0f,0.2998f,-0.954f,0.1416f,0f,0f,0f,1f],start_interpolation: 0,interpolation_duration: 1}
$data merge entity $(bone4) {transformation: [-0.9994f,-0.0327f,-0.0072f,-0.0314f,-0.0335f,0.9759f,0.2156f,0.937f,0f,0.2157f,-0.9764f,0f,0f,0f,0f,1f],start_interpolation: 0,interpolation_duration: 1}
$data merge entity $(root) {transformation: [-0.9994f,-0.0335f,0f,0f,-0.0335f,0.9994f,0f,0f,0f,0f,-1f,0f,0f,0f,0f,1f],start_interpolation: 0,interpolation_duration: 1}
data modify storage animated_java:temp entry.data merge value {"cameras":{},"locators":{"entity_hitbox":{"px":0,"py":0,"pz":0,"ry":0,"rx":0},"locator":{"px":-0.0733877882,"py":2.1904344133,"pz":1.3169942011,"ry":359.397205618,"rx":17.432867763}}}
# Data Manager: Write
function animated_java:global/data_manager/write with storage animated_java:temp args