# This file was generated by Animated Java via MC-Build. It is not recommended to edit this file directly.
$data merge entity $(bone2) {transformation: [-0.9997f,-0.0245f,-0.0008f,-0.0615f,-0.0245f,0.9991f,0.0342f,2.5046f,0f,0.0342f,-0.9994f,0.631f,0f,0f,0f,1f],start_interpolation: 0,interpolation_duration: 1}
$data merge entity $(bone3) {transformation: [-0.9997f,-0.0206f,-0.0134f,-0.0549f,-0.0245f,0.8381f,0.545f,2.2364f,0f,0.5452f,-0.8383f,0.5464f,0f,0f,0f,1f],start_interpolation: 0,interpolation_duration: 1}
$data merge entity $(bone1) {transformation: [-0.9997f,-0.0234f,-0.0074f,-0.0563f,-0.0245f,0.9534f,0.3006f,2.2951f,0f,0.3007f,-0.9537f,0.3601f,0f,0f,0f,1f],start_interpolation: 0,interpolation_duration: 1}
$data merge entity $(bone) {transformation: [-0.9997f,-0.0234f,-0.0074f,-0.0387f,-0.0245f,0.9534f,0.3006f,1.5777f,0f,0.3007f,-0.9537f,0.142f,0f,0f,0f,1f],start_interpolation: 0,interpolation_duration: 1}
$data merge entity $(bone4) {transformation: [-0.9997f,-0.024f,-0.0053f,-0.023f,-0.0245f,0.976f,0.2164f,0.9372f,0f,0.2164f,-0.9763f,0f,0f,0f,0f,1f],start_interpolation: 0,interpolation_duration: 1}
$data merge entity $(root) {transformation: [-0.9997f,-0.0245f,0f,0f,-0.0245f,0.9997f,0f,0f,0f,0f,-1f,0f,0f,0f,0f,1f],start_interpolation: 0,interpolation_duration: 1}
data modify storage animated_java:temp entry.data merge value {"cameras":{},"locators":{"entity_hitbox":{"px":0,"py":0,"pz":0,"ry":0,"rx":0},"locator":{"px":-0.0537549158,"py":2.1897325038,"pz":1.318059825,"ry":359.5566644404,"rx":17.4945591539}}}
# Data Manager: Write
function animated_java:global/data_manager/write with storage animated_java:temp args