# This file was generated by Animated Java via MC-Build. It is not recommended to edit this file directly.
$data merge entity $(bone2) {transformation: [-0.9999f,-0.0155f,-0.0007f,-0.0389f,-0.0155f,0.9988f,0.0467f,2.5056f,0f,0.0467f,-0.9989f,0.6296f,0f,0f,0f,1f],start_interpolation: 0,interpolation_duration: 1}
$data merge entity $(bone3) {transformation: [-0.9999f,-0.0131f,-0.0083f,-0.0348f,-0.0155f,0.846f,0.5329f,2.2373f,0f,0.533f,-0.8461f,0.5453f,0f,0f,0f,1f],start_interpolation: 0,interpolation_duration: 1}
$data merge entity $(bone1) {transformation: [-0.9999f,-0.0148f,-0.0047f,-0.0357f,-0.0155f,0.9539f,0.2997f,2.2959f,0f,0.2998f,-0.954f,0.3589f,0f,0f,0f,1f],start_interpolation: 0,interpolation_duration: 1}
$data merge entity $(bone) {transformation: [-0.9999f,-0.0148f,-0.0047f,-0.0245f,-0.0155f,0.9539f,0.2997f,1.5781f,0f,0.2998f,-0.954f,0.1416f,0f,0f,0f,1f],start_interpolation: 0,interpolation_duration: 1}
$data merge entity $(bone4) {transformation: [-0.9999f,-0.0152f,-0.0034f,-0.0146f,-0.0155f,0.9763f,0.2157f,0.9374f,0f,0.2157f,-0.9764f,0f,0f,0f,0f,1f],start_interpolation: 0,interpolation_duration: 1}
$data merge entity $(root) {transformation: [-0.9999f,-0.0155f,0f,0f,-0.0155f,0.9999f,0f,0f,0f,0f,-1f,0f,0f,0f,0f,1f],start_interpolation: 0,interpolation_duration: 1}
data modify storage animated_java:temp entry.data merge value {"cameras":{},"locators":{"entity_hitbox":{"px":0,"py":0,"pz":0,"ry":0,"rx":0},"locator":{"px":-0.0340606109,"py":2.1913987682,"pz":1.3169942011,"ry":359.7202240353,"rx":17.4407888302}}}
# Data Manager: Write
function animated_java:global/data_manager/write with storage animated_java:temp args