# This file was generated by Animated Java via MC-Build. It is not recommended to edit this file directly.
$data merge entity $(bone2) {transformation: [-1f,0.002f,0.0001f,0.0051f,0.002f,0.9975f,0.0706f,2.5103f,0f,0.0706f,-0.9975f,0.6191f,0f,0f,0f,1f],start_interpolation: 0,interpolation_duration: 1}
$data merge entity $(bone3) {transformation: [-1f,0.0018f,0.001f,0.0046f,0.002f,0.8663f,0.4996f,2.2414f,0f,0.4996f,-0.8663f,0.5368f,0f,0f,0f,1f],start_interpolation: 0,interpolation_duration: 1}
$data merge entity $(bone1) {transformation: [-1f,0.0019f,0.0006f,0.0047f,0.002f,0.9563f,0.2925f,2.2985f,0f,0.2925f,-0.9563f,0.3501f,0f,0f,0f,1f],start_interpolation: 0,interpolation_duration: 1}
$data merge entity $(bone) {transformation: [-1f,0.0019f,0.0006f,0.0032f,0.002f,0.9563f,0.2925f,1.579f,0f,0.2925f,-0.9563f,0.1381f,0f,0f,0f,1f],start_interpolation: 0,interpolation_duration: 1}
$data merge entity $(bone4) {transformation: [-1f,0.002f,0.0004f,0.0019f,0.002f,0.9776f,0.2105f,0.9375f,0f,0.2105f,-0.9776f,0f,0f,0f,0f,1f],start_interpolation: 0,interpolation_duration: 1}
$data merge entity $(root) {transformation: [-1f,0.002f,0f,0f,0.002f,1f,0f,0f,0f,0f,-1f,0f,0f,0f,0f,1f],start_interpolation: 0,interpolation_duration: 1}
data modify storage animated_java:temp entry.data merge value {"cameras":{},"locators":{"entity_hitbox":{"px":0,"py":0,"pz":0,"ry":0,"rx":0},"locator":{"px":0.0044842885,"py":2.2012783035,"pz":1.3088648922,"ry":0.0357067502,"rx":17.0099636304}}}
# Data Manager: Write
function animated_java:global/data_manager/write with storage animated_java:temp args