# This file was generated by Animated Java via MC-Build. It is not recommended to edit this file directly.
$data merge entity $(bone2) {transformation: [-0.9999f,0.0103f,0.0008f,0.0259f,0.0103f,0.9966f,0.0817f,2.5138f,0f,0.0817f,-0.9967f,0.6103f,0f,0f,0f,1f],start_interpolation: 0,interpolation_duration: 1}
$data merge entity $(bone3) {transformation: [-0.9999f,0.0091f,0.0049f,0.0232f,0.0103f,0.8778f,0.4789f,2.2444f,0f,0.4789f,-0.8779f,0.5298f,0f,0f,0f,1f],start_interpolation: 0,interpolation_duration: 1}
$data merge entity $(bone1) {transformation: [-0.9999f,0.0099f,0.003f,0.0237f,0.0103f,0.958f,0.2865f,2.3003f,0f,0.2865f,-0.9581f,0.3426f,0f,0f,0f,1f],start_interpolation: 0,interpolation_duration: 1}
$data merge entity $(bone) {transformation: [-0.9999f,0.0099f,0.003f,0.0163f,0.0103f,0.958f,0.2865f,1.5796f,0f,0.2865f,-0.9581f,0.1352f,0f,0f,0f,1f],start_interpolation: 0,interpolation_duration: 1}
$data merge entity $(bone4) {transformation: [-0.9999f,0.0101f,0.0021f,0.0097f,0.0103f,0.9785f,0.2061f,0.9375f,0f,0.2061f,-0.9785f,0f,0f,0f,0f,1f],start_interpolation: 0,interpolation_duration: 1}
$data merge entity $(root) {transformation: [-0.9999f,0.0103f,0f,0f,0.0103f,0.9999f,0f,0f,0f,0f,-1f,0f,0f,0f,0f,1f],start_interpolation: 0,interpolation_duration: 1}
data modify storage animated_java:temp entry.data merge value {"cameras":{},"locators":{"entity_hitbox":{"px":0,"py":0,"pz":0,"ry":0,"rx":0},"locator":{"px":0.0227973995,"py":2.2091305013,"pz":1.3020445182,"ry":0.1768133807,"rx":16.6487173293}}}
# Data Manager: Write
function animated_java:global/data_manager/write with storage animated_java:temp args