# This file was generated by Animated Java via MC-Build. It is not recommended to edit this file directly.
$data merge entity $(bone2) {transformation: [-0.9998f,0.018f,0.0017f,0.0455f,0.0181f,0.9956f,0.0921f,2.518f,0f,0.0921f,-0.9957f,0.5995f,0f,0f,0f,1f],start_interpolation: 0,interpolation_duration: 1}
$data merge entity $(bone3) {transformation: [-0.9998f,0.0161f,0.0082f,0.0406f,0.0181f,0.8899f,0.4558f,2.2479f,0f,0.4559f,-0.89f,0.521f,0f,0f,0f,1f],start_interpolation: 0,interpolation_duration: 1}
$data merge entity $(bone1) {transformation: [-0.9998f,0.0173f,0.005f,0.0416f,0.0181f,0.9601f,0.279f,2.3024f,0f,0.2791f,-0.9603f,0.3335f,0f,0f,0f,1f],start_interpolation: 0,interpolation_duration: 1}
$data merge entity $(bone) {transformation: [-0.9998f,0.0173f,0.005f,0.0286f,0.0181f,0.9601f,0.279f,1.5801f,0f,0.2791f,-0.9603f,0.1317f,0f,0f,0f,1f],start_interpolation: 0,interpolation_duration: 1}
$data merge entity $(bone4) {transformation: [-0.9998f,0.0177f,0.0036f,0.0169f,0.0181f,0.9795f,0.2006f,0.9373f,0f,0.2006f,-0.9797f,0f,0f,0f,0f,1f],start_interpolation: 0,interpolation_duration: 1}
$data merge entity $(root) {transformation: [-0.9998f,0.0181f,0f,0f,0.0181f,0.9998f,0f,0f,0f,0f,-1f,0f,0f,0f,0f,1f],start_interpolation: 0,interpolation_duration: 1}
data modify storage animated_java:temp entry.data merge value {"cameras":{},"locators":{"entity_hitbox":{"px":0,"py":0,"pz":0,"ry":0,"rx":0},"locator":{"px":0.0400891753,"py":2.2186898127,"pz":1.2935372669,"ry":0.3007941272,"rx":16.2009864171}}}
# Data Manager: Write
function animated_java:global/data_manager/write with storage animated_java:temp args