# This file was generated by Animated Java via MC-Build. It is not recommended to edit this file directly.
$data merge entity $(bone2) {transformation: [-0.9997f,0.025f,0.0026f,0.0634f,0.0251f,0.9945f,0.1017f,2.5227f,0f,0.1017f,-0.9948f,0.5867f,0f,0f,0f,1f],start_interpolation: 0,interpolation_duration: 1}
$data merge entity $(bone3) {transformation: [-0.9997f,0.0227f,0.0108f,0.0566f,0.0251f,0.9021f,0.4307f,2.252f,0f,0.4308f,-0.9024f,0.5107f,0f,0f,0f,1f],start_interpolation: 0,interpolation_duration: 1}
$data merge entity $(bone1) {transformation: [-0.9997f,0.0242f,0.0068f,0.0579f,0.0251f,0.9625f,0.2702f,2.3047f,0f,0.2703f,-0.9628f,0.3226f,0f,0f,0f,1f],start_interpolation: 0,interpolation_duration: 1}
$data merge entity $(bone) {transformation: [-0.9997f,0.0242f,0.0068f,0.0397f,0.0251f,0.9625f,0.2702f,1.5808f,0f,0.2703f,-0.9628f,0.1275f,0f,0f,0f,1f],start_interpolation: 0,interpolation_duration: 1}
$data merge entity $(bone4) {transformation: [-0.9997f,0.0247f,0.0049f,0.0236f,0.0251f,0.9806f,0.1942f,0.9372f,0f,0.1942f,-0.981f,0f,0f,0f,0f,1f],start_interpolation: 0,interpolation_duration: 1}
$data merge entity $(root) {transformation: [-0.9997f,0.0251f,0f,0f,0.0251f,0.9997f,0f,0f,0f,0f,-1f,0f,0f,0f,0f,1f],start_interpolation: 0,interpolation_duration: 1}
data modify storage animated_java:temp entry.data merge value {"cameras":{},"locators":{"entity_hitbox":{"px":0,"py":0,"pz":0,"ry":0,"rx":0},"locator":{"px":0.0560524509,"py":2.2297865563,"pz":1.2834511666,"ry":0.404174171,"rx":15.6749207091}}}
# Data Manager: Write
function animated_java:global/data_manager/write with storage animated_java:temp args