# This file was generated by Animated Java via MC-Build. It is not recommended to edit this file directly.
$data merge entity $(bone2) {transformation: [-0.9993f,0.0364f,0.0043f,0.0928f,0.0366f,0.9924f,0.1178f,2.5334f,0f,0.1179f,-0.993f,0.556f,0f,0f,0f,1f],start_interpolation: 0,interpolation_duration: 1}
$data merge entity $(bone3) {transformation: [-0.9993f,0.0339f,0.0138f,0.0829f,0.0366f,0.926f,0.3758f,2.2613f,0f,0.376f,-0.9266f,0.4859f,0f,0f,0f,1f],start_interpolation: 0,interpolation_duration: 1}
$data merge entity $(bone1) {transformation: [-0.9993f,0.0355f,0.0091f,0.0846f,0.0366f,0.9678f,0.249f,2.3099f,0f,0.2492f,-0.9685f,0.2968f,0f,0f,0f,1f],start_interpolation: 0,interpolation_duration: 1}
$data merge entity $(bone) {transformation: [-0.9993f,0.0355f,0.0091f,0.058f,0.0366f,0.9678f,0.249f,1.5821f,0f,0.2492f,-0.9685f,0.1174f,0f,0f,0f,1f],start_interpolation: 0,interpolation_duration: 1}
$data merge entity $(bone4) {transformation: [-0.9993f,0.036f,0.0066f,0.0343f,0.0366f,0.9832f,0.1788f,0.9369f,0f,0.1789f,-0.9839f,0f,0f,0f,0f,1f],start_interpolation: 0,interpolation_duration: 1}
$data merge entity $(root) {transformation: [-0.9993f,0.0366f,0f,0f,0.0366f,0.9993f,0f,0f,0f,0f,-1f,0f,0f,0f,0f,1f],start_interpolation: 0,interpolation_duration: 1}
data modify storage animated_java:temp entry.data merge value {"cameras":{},"locators":{"entity_hitbox":{"px":0,"py":0,"pz":0,"ry":0,"rx":0},"locator":{"px":0.0826722818,"py":2.2559400097,"pz":1.2589734898,"ry":0.5399166362,"rx":14.4204805918}}}
# Data Manager: Write
function animated_java:global/data_manager/write with storage animated_java:temp args