# This file was generated by Animated Java via MC-Build. It is not recommended to edit this file directly.
$data merge entity $(bone2) {transformation: [-0.9992f,0.0404f,0.0051f,0.1036f,0.0408f,0.9914f,0.1241f,2.5394f,0f,0.1242f,-0.9923f,0.5384f,0f,0f,0f,1f],start_interpolation: 0,interpolation_duration: 1}
$data merge entity $(bone3) {transformation: [-0.9992f,0.0382f,0.0141f,0.0924f,0.0408f,0.9371f,0.3467f,2.2664f,0f,0.347f,-0.9379f,0.4717f,0f,0f,0f,1f],start_interpolation: 0,interpolation_duration: 1}
$data merge entity $(bone1) {transformation: [-0.9992f,0.0396f,0.0097f,0.0943f,0.0408f,0.9707f,0.237f,2.3127f,0f,0.2372f,-0.9715f,0.282f,0f,0f,0f,1f],start_interpolation: 0,interpolation_duration: 1}
$data merge entity $(bone) {transformation: [-0.9992f,0.0396f,0.0097f,0.0646f,0.0408f,0.9707f,0.237f,1.5829f,0f,0.2372f,-0.9715f,0.1117f,0f,0f,0f,1f],start_interpolation: 0,interpolation_duration: 1}
$data merge entity $(bone4) {transformation: [-0.9992f,0.0402f,0.0069f,0.0382f,0.0408f,0.9846f,0.1701f,0.9367f,0f,0.1702f,-0.9854f,0f,0f,0f,0f,1f],start_interpolation: 0,interpolation_duration: 1}
$data merge entity $(root) {transformation: [-0.9992f,0.0408f,0f,0f,0.0408f,0.9992f,0f,0f,0f,0f,-1f,0f,0f,0f,0f,1f],start_interpolation: 0,interpolation_duration: 1}
data modify storage animated_java:temp entry.data merge value {"cameras":{},"locators":{"entity_hitbox":{"px":0,"py":0,"pz":0,"ry":0,"rx":0},"locator":{"px":0.0926203673,"py":2.2706817935,"pz":1.2448034103,"ry":0.5700891985,"rx":13.7083778604}}}
# Data Manager: Write
function animated_java:global/data_manager/write with storage animated_java:temp args