# This file was generated by Animated Java via MC-Build. It is not recommended to edit this file directly.
$data merge entity $(bone2) {transformation: [-0.999f,0.0433f,0.0056f,0.1111f,0.0436f,0.9907f,0.1291f,2.5457f,0f,0.1292f,-0.9916f,0.5196f,0f,0f,0f,1f],start_interpolation: 0,interpolation_duration: 1}
$data merge entity $(bone3) {transformation: [-0.999f,0.0414f,0.0138f,0.0992f,0.0436f,0.9474f,0.317f,2.2719f,0f,0.3173f,-0.9483f,0.4566f,0f,0f,0f,1f],start_interpolation: 0,interpolation_duration: 1}
$data merge entity $(bone1) {transformation: [-0.999f,0.0425f,0.0098f,0.1011f,0.0436f,0.9736f,0.2241f,2.3156f,0f,0.2243f,-0.9745f,0.2662f,0f,0f,0f,1f],start_interpolation: 0,interpolation_duration: 1}
$data merge entity $(bone) {transformation: [-0.999f,0.0425f,0.0098f,0.0691f,0.0436f,0.9736f,0.2241f,1.5837f,0f,0.2243f,-0.9745f,0.1056f,0f,0f,0f,1f],start_interpolation: 0,interpolation_duration: 1}
$data merge entity $(bone4) {transformation: [-0.999f,0.0431f,0.007f,0.0409f,0.0436f,0.986f,0.1607f,0.9366f,0f,0.1609f,-0.987f,0f,0f,0f,0f,1f],start_interpolation: 0,interpolation_duration: 1}
$data merge entity $(root) {transformation: [-0.999f,0.0436f,0f,0f,0.0436f,0.999f,0f,0f,0f,0f,-1f,0f,0f,0f,0f,1f],start_interpolation: 0,interpolation_duration: 1}
data modify storage animated_java:temp entry.data merge value {"cameras":{},"locators":{"entity_hitbox":{"px":0,"py":0,"pz":0,"ry":0,"rx":0},"locator":{"px":0.0998232425,"py":2.2863281435,"pz":1.2295011348,"ry":0.5752666349,"rx":12.9504104949}}}
# Data Manager: Write
function animated_java:global/data_manager/write with storage animated_java:temp args