# This file was generated by Animated Java via MC-Build. It is not recommended to edit this file directly.
$data merge entity $(bone2) {transformation: [-0.999f,0.045f,0.006f,0.1161f,0.0454f,0.9901f,0.1326f,2.5521f,0f,0.1328f,-0.9911f,0.4998f,0f,0f,0f,1f],start_interpolation: 0,interpolation_duration: 1}
$data merge entity $(bone3) {transformation: [-0.999f,0.0435f,0.0131f,0.1036f,0.0454f,0.9568f,0.2871f,2.2775f,0f,0.2874f,-0.9578f,0.4405f,0f,0f,0f,1f],start_interpolation: 0,interpolation_duration: 1}
$data merge entity $(bone1) {transformation: [-0.999f,0.0444f,0.0096f,0.1054f,0.0454f,0.9765f,0.2105f,2.3186f,0f,0.2108f,-0.9775f,0.2496f,0f,0f,0f,1f],start_interpolation: 0,interpolation_duration: 1}
$data merge entity $(bone) {transformation: [-0.999f,0.0444f,0.0096f,0.0721f,0.0454f,0.9765f,0.2105f,1.5846f,0f,0.2108f,-0.9775f,0.0992f,0f,0f,0f,1f],start_interpolation: 0,interpolation_duration: 1}
$data merge entity $(bone4) {transformation: [-0.999f,0.0449f,0.0069f,0.0426f,0.0454f,0.9875f,0.1509f,0.9365f,0f,0.1511f,-0.9885f,0f,0f,0f,0f,1f],start_interpolation: 0,interpolation_duration: 1}
$data merge entity $(root) {transformation: [-0.999f,0.0454f,0f,0f,0.0454f,0.999f,0f,0f,0f,0f,-1f,0f,0f,0f,0f,1f],start_interpolation: 0,interpolation_duration: 1}
data modify storage animated_java:temp entry.data merge value {"cameras":{},"locators":{"entity_hitbox":{"px":0,"py":0,"pz":0,"ry":0,"rx":0},"locator":{"px":0.1047091393,"py":2.3026871169,"pz":1.2131910972,"ry":0.561138079,"rx":12.1542853236}}}
# Data Manager: Write
function animated_java:global/data_manager/write with storage animated_java:temp args