# This file was generated by Animated Java via MC-Build. It is not recommended to edit this file directly.
$data merge entity $(bone2) {transformation: [-0.9989f,0.0461f,0.0063f,0.1192f,0.0465f,0.9898f,0.1346f,2.5587f,0f,0.1347f,-0.9909f,0.4791f,0f,0f,0f,1f],start_interpolation: 0,interpolation_duration: 1}
$data merge entity $(bone3) {transformation: [-0.9989f,0.0449f,0.012f,0.1063f,0.0465f,0.9652f,0.2575f,2.2832f,0f,0.2578f,-0.9662f,0.4238f,0f,0f,0f,1f],start_interpolation: 0,interpolation_duration: 1}
$data merge entity $(bone1) {transformation: [-0.9989f,0.0456f,0.0091f,0.1081f,0.0465f,0.9794f,0.1964f,2.3216f,0f,0.1966f,-0.9805f,0.2323f,0f,0f,0f,1f],start_interpolation: 0,interpolation_duration: 1}
$data merge entity $(bone) {transformation: [-0.9989f,0.0456f,0.0091f,0.0738f,0.0465f,0.9794f,0.1964f,1.5855f,0f,0.1966f,-0.9805f,0.0925f,0f,0f,0f,1f],start_interpolation: 0,interpolation_duration: 1}
$data merge entity $(bone4) {transformation: [-0.9989f,0.0461f,0.0066f,0.0436f,0.0465f,0.989f,0.1407f,0.9365f,0f,0.1409f,-0.99f,0f,0f,0f,0f,1f],start_interpolation: 0,interpolation_duration: 1}
$data merge entity $(root) {transformation: [-0.9989f,0.0465f,0f,0f,0.0465f,0.9989f,0f,0f,0f,0f,-1f,0f,0f,0f,0f,1f],start_interpolation: 0,interpolation_duration: 1}
data modify storage animated_java:temp entry.data merge value {"cameras":{},"locators":{"entity_hitbox":{"px":0,"py":0,"pz":0,"ry":0,"rx":0},"locator":{"px":0.108017676,"py":2.3195457747,"pz":1.1960054816,"ry":0.5344968401,"rx":11.3275613023}}}
# Data Manager: Write
function animated_java:global/data_manager/write with storage animated_java:temp args