# This file was generated by Animated Java via MC-Build. It is not recommended to edit this file directly.
$data merge entity $(bone2) {transformation: [-0.9989f,0.0465f,0.0063f,0.1206f,0.0469f,0.9898f,0.1348f,2.5652f,0f,0.1349f,-0.9909f,0.4577f,0f,0f,0f,1f],start_interpolation: 0,interpolation_duration: 1}
$data merge entity $(bone3) {transformation: [-0.9989f,0.0457f,0.0107f,0.1076f,0.0469f,0.9724f,0.2285f,2.289f,0f,0.2288f,-0.9735f,0.4065f,0f,0f,0f,1f],start_interpolation: 0,interpolation_duration: 1}
$data merge entity $(bone1) {transformation: [-0.9989f,0.0462f,0.0085f,0.1092f,0.0469f,0.9822f,0.1819f,2.3245f,0f,0.1821f,-0.9833f,0.2144f,0f,0f,0f,1f],start_interpolation: 0,interpolation_duration: 1}
$data merge entity $(bone) {transformation: [-0.9989f,0.0462f,0.0085f,0.0746f,0.0469f,0.9822f,0.1819f,1.5864f,0f,0.1821f,-0.9833f,0.0856f,0f,0f,0f,1f],start_interpolation: 0,interpolation_duration: 1}
$data merge entity $(bone4) {transformation: [-0.9989f,0.0465f,0.0061f,0.044f,0.0469f,0.9904f,0.1303f,0.9365f,0f,0.1304f,-0.9915f,0f,0f,0f,0f,1f],start_interpolation: 0,interpolation_duration: 1}
$data merge entity $(root) {transformation: [-0.9989f,0.0469f,0f,0f,0.0469f,0.9989f,0f,0f,0f,0f,-1f,0f,0f,0f,0f,1f],start_interpolation: 0,interpolation_duration: 1}
data modify storage animated_java:temp entry.data merge value {"cameras":{},"locators":{"entity_hitbox":{"px":0,"py":0,"pz":0,"ry":0,"rx":0},"locator":{"px":0.1098201576,"py":2.3367209677,"pz":1.1780850387,"ry":0.4980074363,"rx":10.4779334466}}}
# Data Manager: Write
function animated_java:global/data_manager/write with storage animated_java:temp args