# This file was generated by Animated Java via MC-Build. It is not recommended to edit this file directly.
$data merge entity $(bone2) {transformation: [-0.9989f,0.0463f,0.0062f,0.1204f,0.0468f,0.99f,0.1332f,2.5716f,0f,0.1333f,-0.9911f,0.4358f,0f,0f,0f,1f],start_interpolation: 0,interpolation_duration: 1}
$data merge entity $(bone3) {transformation: [-0.9989f,0.0458f,0.0094f,0.1074f,0.0468f,0.9786f,0.2006f,2.2946f,0f,0.2008f,-0.9796f,0.3888f,0f,0f,0f,1f],start_interpolation: 0,interpolation_duration: 1}
$data merge entity $(bone1) {transformation: [-0.9989f,0.0461f,0.0078f,0.1089f,0.0468f,0.9848f,0.167f,2.3272f,0f,0.1672f,-0.9859f,0.1962f,0f,0f,0f,1f],start_interpolation: 0,interpolation_duration: 1}
$data merge entity $(bone) {transformation: [-0.9989f,0.0461f,0.0078f,0.0743f,0.0468f,0.9848f,0.167f,1.5873f,0f,0.1672f,-0.9859f,0.0785f,0f,0f,0f,1f],start_interpolation: 0,interpolation_duration: 1}
$data merge entity $(bone4) {transformation: [-0.9989f,0.0464f,0.0056f,0.0438f,0.0468f,0.9917f,0.1196f,0.9365f,0f,0.1197f,-0.9928f,0f,0f,0f,0f,1f],start_interpolation: 0,interpolation_duration: 1}
$data merge entity $(root) {transformation: [-0.9989f,0.0468f,0f,0f,0.0468f,0.9989f,0f,0f,0f,0f,-1f,0f,0f,0f,0f,1f],start_interpolation: 0,interpolation_duration: 1}
data modify storage animated_java:temp entry.data merge value {"cameras":{},"locators":{"entity_hitbox":{"px":0,"py":0,"pz":0,"ry":0,"rx":0},"locator":{"px":0.1101898754,"py":2.3540335055,"pz":1.1595796251,"ry":0.4542533992,"rx":9.6130778993}}}
# Data Manager: Write
function animated_java:global/data_manager/write with storage animated_java:temp args