# This file was generated by Animated Java via MC-Build. It is not recommended to edit this file directly.
$data merge entity $(bone2) {transformation: [-0.999f,0.0444f,0.0055f,0.1157f,0.0447f,0.9913f,0.1239f,2.5838f,0f,0.124f,-0.9923f,0.3914f,0f,0f,0f,1f],start_interpolation: 0,interpolation_duration: 1}
$data merge entity $(bone3) {transformation: [-0.999f,0.0442f,0.0067f,0.1032f,0.0447f,0.9877f,0.1499f,2.3055f,0f,0.15f,-0.9887f,0.3528f,0f,0f,0f,1f],start_interpolation: 0,interpolation_duration: 1}
$data merge entity $(bone1) {transformation: [-0.999f,0.0443f,0.0061f,0.1044f,0.0447f,0.9896f,0.1369f,2.3322f,0f,0.137f,-0.9906f,0.1594f,0f,0f,0f,1f],start_interpolation: 0,interpolation_duration: 1}
$data merge entity $(bone) {transformation: [-0.999f,0.0443f,0.0061f,0.0711f,0.0447f,0.9896f,0.1369f,1.589f,0f,0.137f,-0.9906f,0.0643f,0f,0f,0f,1f],start_interpolation: 0,interpolation_duration: 1}
$data merge entity $(bone4) {transformation: [-0.999f,0.0445f,0.0044f,0.0419f,0.0447f,0.9942f,0.0979f,0.9366f,0f,0.098f,-0.9952f,0f,0f,0f,0f,1f],start_interpolation: 0,interpolation_duration: 1}
$data merge entity $(root) {transformation: [-0.999f,0.0447f,0f,0f,0.0447f,0.999f,0f,0f,0f,0f,-1f,0f,0f,0f,0f,1f],start_interpolation: 0,interpolation_duration: 1}
data modify storage animated_java:temp entry.data merge value {"cameras":{},"locators":{"entity_hitbox":{"px":0,"py":0,"pz":0,"ry":0,"rx":0},"locator":{"px":0.1069416204,"py":2.3883817091,"pz":1.1214602337,"ry":0.354545841,"rx":7.8683627146}}}
# Data Manager: Write
function animated_java:global/data_manager/write with storage animated_java:temp args