# This file was generated by Animated Java via MC-Build. It is not recommended to edit this file directly.
$data merge entity $(bone2) {transformation: [-0.9991f,0.0427f,0.005f,0.1114f,0.043f,0.9923f,0.116f,2.5895f,0f,0.1161f,-0.9932f,0.3692f,0f,0f,0f,1f],start_interpolation: 0,interpolation_duration: 1}
$data merge entity $(bone3) {transformation: [-0.9991f,0.0426f,0.0055f,0.0994f,0.043f,0.9909f,0.1279f,2.3106f,0f,0.128f,-0.9918f,0.3349f,0f,0f,0f,1f],start_interpolation: 0,interpolation_duration: 1}
$data merge entity $(bone1) {transformation: [-0.9991f,0.0427f,0.0052f,0.1005f,0.043f,0.9916f,0.1219f,2.3344f,0f,0.122f,-0.9925f,0.1411f,0f,0f,0f,1f],start_interpolation: 0,interpolation_duration: 1}
$data merge entity $(bone) {transformation: [-0.9991f,0.0427f,0.0052f,0.0684f,0.043f,0.9916f,0.1219f,1.5898f,0f,0.122f,-0.9925f,0.0573f,0f,0f,0f,1f],start_interpolation: 0,interpolation_duration: 1}
$data merge entity $(bone4) {transformation: [-0.9991f,0.0428f,0.0038f,0.0403f,0.043f,0.9953f,0.0872f,0.9366f,0f,0.0873f,-0.9962f,0f,0f,0f,0f,1f],start_interpolation: 0,interpolation_duration: 1}
$data merge entity $(root) {transformation: [-0.9991f,0.043f,0f,0f,0.043f,0.9991f,0f,0f,0f,0f,-1f,0f,0f,0f,0f,1f],start_interpolation: 0,interpolation_duration: 1}
data modify storage animated_java:temp entry.data merge value {"cameras":{},"locators":{"entity_hitbox":{"px":0,"py":0,"pz":0,"ry":0,"rx":0},"locator":{"px":0.1034905615,"py":2.4050902061,"pz":1.1021927253,"ry":0.3028861442,"rx":7.0038568031}}}
# Data Manager: Write
function animated_java:global/data_manager/write with storage animated_java:temp args