# This file was generated by Animated Java via MC-Build. It is not recommended to edit this file directly.
$data merge entity $(bone2) {transformation: [-0.9993f,0.0381f,0.0036f,0.0996f,0.0383f,0.9949f,0.0929f,2.5998f,0f,0.0929f,-0.9957f,0.3261f,0f,0f,0f,1f],start_interpolation: 0,interpolation_duration: 1}
$data merge entity $(bone3) {transformation: [-0.9993f,0.0381f,0.0036f,0.0889f,0.0383f,0.9949f,0.0929f,2.3199f,0f,0.0929f,-0.9957f,0.3f,0f,0f,0f,1f],start_interpolation: 0,interpolation_duration: 1}
$data merge entity $(bone1) {transformation: [-0.9993f,0.0381f,0.0036f,0.0896f,0.0383f,0.9949f,0.0929f,2.3381f,0f,0.0929f,-0.9957f,0.1055f,0f,0f,0f,1f],start_interpolation: 0,interpolation_duration: 1}
$data merge entity $(bone) {transformation: [-0.9993f,0.0381f,0.0036f,0.061f,0.0383f,0.9949f,0.0929f,1.5911f,0f,0.0929f,-0.9957f,0.0436f,0f,0f,0f,1f],start_interpolation: 0,interpolation_duration: 1}
$data merge entity $(bone4) {transformation: [-0.9993f,0.0382f,0.0025f,0.0359f,0.0383f,0.9971f,0.0664f,0.9368f,0f,0.0664f,-0.9978f,0f,0f,0f,0f,1f],start_interpolation: 0,interpolation_duration: 1}
$data merge entity $(root) {transformation: [-0.9993f,0.0383f,0f,0f,0.0383f,0.9993f,0f,0f,0f,0f,-1f,0f,0f,0f,0f,1f],start_interpolation: 0,interpolation_duration: 1}
data modify storage animated_java:temp entry.data merge value {"cameras":{},"locators":{"entity_hitbox":{"px":0,"py":0,"pz":0,"ry":0,"rx":0},"locator":{"px":0.0933935072,"py":2.4368186023,"pz":1.0641744566,"ry":0.2048321757,"rx":5.3290392003}}}
# Data Manager: Write
function animated_java:global/data_manager/write with storage animated_java:temp args