# This file was generated by Animated Java via MC-Build. It is not recommended to edit this file directly.
$data merge entity $(bone2) {transformation: [-0.9994f,0.0353f,0.0028f,0.0924f,0.0354f,0.9962f,0.0791f,2.6042f,0f,0.0791f,-0.9969f,0.3056f,0f,0f,0f,1f],start_interpolation: 0,interpolation_duration: 1}
$data merge entity $(bone3) {transformation: [-0.9994f,0.0353f,0.0028f,0.0824f,0.0354f,0.9962f,0.0791f,2.3241f,0f,0.0791f,-0.9969f,0.2833f,0f,0f,0f,1f],start_interpolation: 0,interpolation_duration: 1}
$data merge entity $(bone1) {transformation: [-0.9994f,0.0353f,0.0028f,0.083f,0.0354f,0.9962f,0.0791f,2.3395f,0f,0.0791f,-0.9969f,0.0886f,0f,0f,0f,1f],start_interpolation: 0,interpolation_duration: 1}
$data merge entity $(bone) {transformation: [-0.9994f,0.0353f,0.0028f,0.0565f,0.0354f,0.9962f,0.0791f,1.5917f,0f,0.0791f,-0.9969f,0.0371f,0f,0f,0f,1f],start_interpolation: 0,interpolation_duration: 1}
$data merge entity $(bone4) {transformation: [-0.9994f,0.0354f,0.002f,0.0332f,0.0354f,0.9978f,0.0565f,0.9369f,0f,0.0565f,-0.9984f,0f,0f,0f,0f,1f],start_interpolation: 0,interpolation_duration: 1}
$data merge entity $(root) {transformation: [-0.9994f,0.0354f,0f,0f,0.0354f,0.9994f,0f,0f,0f,0f,-1f,0f,0f,0f,0f,1f],start_interpolation: 0,interpolation_duration: 1}
data modify storage animated_java:temp entry.data merge value {"cameras":{},"locators":{"entity_hitbox":{"px":0,"py":0,"pz":0,"ry":0,"rx":0},"locator":{"px":0.0869492015,"py":2.4515618364,"pz":1.0458205523,"ry":0.1611498926,"rx":4.5341801929}}}
# Data Manager: Write
function animated_java:global/data_manager/write with storage animated_java:temp args