# This file was generated by Animated Java via MC-Build. It is not recommended to edit this file directly.
$data merge entity $(bone2) {transformation: [-0.9994f,-0.036f,-0.0015f,-0.0942f,-0.036f,0.9985f,0.0421f,2.6142f,0f,0.0421f,-0.9991f,0.2505f,0f,0f,0f,1f],start_interpolation: 0,interpolation_duration: 1}
$data merge entity $(bone3) {transformation: [-0.9994f,-0.036f,-0.0015f,-0.084f,-0.036f,0.9985f,0.0421f,2.3334f,0f,0.0421f,-0.9991f,0.2387f,0f,0f,0f,1f],start_interpolation: 0,interpolation_duration: 1}
$data merge entity $(bone1) {transformation: [-0.9994f,-0.036f,-0.0015f,-0.0843f,-0.036f,0.9985f,0.0421f,2.3416f,0f,0.0421f,-0.9991f,0.0435f,0f,0f,0f,1f],start_interpolation: 0,interpolation_duration: 1}
$data merge entity $(bone) {transformation: [-0.9994f,-0.036f,-0.0015f,-0.0574f,-0.036f,0.9985f,0.0421f,1.5924f,0f,0.0421f,-0.9991f,0.0197f,0f,0f,0f,1f],start_interpolation: 0,interpolation_duration: 1}
$data merge entity $(bone4) {transformation: [-0.9994f,-0.036f,-0.0011f,-0.0337f,-0.036f,0.9989f,0.0301f,0.9369f,0f,0.0301f,-0.9995f,0f,0f,0f,0f,1f],start_interpolation: 0,interpolation_duration: 1}
$data merge entity $(root) {transformation: [-0.9994f,-0.036f,0f,0f,-0.036f,0.9994f,0f,0f,0f,0f,-1f,0f,0f,0f,0f,1f],start_interpolation: 0,interpolation_duration: 1}
data modify storage animated_java:temp entry.data merge value {"cameras":{},"locators":{"entity_hitbox":{"px":0,"py":0,"pz":0,"ry":0,"rx":0},"locator":{"px":-0.0896507708,"py":2.4890246862,"pz":0.9958947781,"ry":359.9130671459,"rx":2.4121386182}}}
# Data Manager: Write
function animated_java:global/data_manager/write with storage animated_java:temp args