# This file was generated by Animated Java via MC-Build. It is not recommended to edit this file directly.
$data merge entity $(bone2) {transformation: [-0.9991f,-0.0422f,-0.0023f,-0.1103f,-0.0422f,0.9977f,0.0535f,2.6107f,0f,0.0535f,-0.9986f,0.2676f,0f,0f,0f,1f],start_interpolation: 0,interpolation_duration: 1}
$data merge entity $(bone3) {transformation: [-0.9991f,-0.0422f,-0.0023f,-0.0985f,-0.0422f,0.9977f,0.0535f,2.3301f,0f,0.0535f,-0.9986f,0.2525f,0f,0f,0f,1f],start_interpolation: 0,interpolation_duration: 1}
$data merge entity $(bone1) {transformation: [-0.9991f,-0.0422f,-0.0023f,-0.0989f,-0.0422f,0.9977f,0.0535f,2.3405f,0f,0.0535f,-0.9986f,0.0575f,0f,0f,0f,1f],start_interpolation: 0,interpolation_duration: 1}
$data merge entity $(bone) {transformation: [-0.9991f,-0.0422f,-0.0023f,-0.0673f,-0.0422f,0.9977f,0.0535f,1.5918f,0f,0.0535f,-0.9986f,0.0251f,0f,0f,0f,1f],start_interpolation: 0,interpolation_duration: 1}
$data merge entity $(bone4) {transformation: [-0.9991f,-0.0422f,-0.0016f,-0.0396f,-0.0422f,0.9984f,0.0382f,0.9367f,0f,0.0383f,-0.9993f,0f,0f,0f,0f,1f],start_interpolation: 0,interpolation_duration: 1}
$data merge entity $(root) {transformation: [-0.9991f,-0.0422f,0f,0f,-0.0422f,0.9991f,0f,0f,0f,0f,-1f,0f,0f,0f,0f,1f],start_interpolation: 0,interpolation_duration: 1}
data modify storage animated_java:temp entry.data merge value {"cameras":{},"locators":{"entity_hitbox":{"px":0,"py":0,"pz":0,"ry":0,"rx":0},"locator":{"px":-0.1046836772,"py":2.4770106483,"pz":1.0114647634,"ry":359.8702627671,"rx":3.0668893674}}}
# Data Manager: Write
function animated_java:global/data_manager/write with storage animated_java:temp args