# This file was generated by Animated Java via MC-Build. It is not recommended to edit this file directly.
$data merge entity $(bone2) {transformation: [-1f,0f,0f,0f,0f,0.9993f,-0.0378f,1.7458f,0f,-0.0378f,-0.9993f,0.0351f,0f,0f,0f,1f],start_interpolation: 0,interpolation_duration: 1}
$data merge entity $(bone3) {transformation: [-1f,0f,0f,0f,0f,0.9987f,0.0511f,1.5583f,0f,0.0511f,-0.9987f,0.0339f,0f,0f,0f,1f],start_interpolation: 0,interpolation_duration: 1}
$data merge entity $(bone1) {transformation: [-1f,0f,0f,0f,0f,1f,0.0066f,1.5592f,0f,0.0066f,-1f,-0.0963f,0f,0f,0f,1f],start_interpolation: 0,interpolation_duration: 1}
$data merge entity $(bone) {transformation: [-1f,0f,0f,0f,0f,0.9996f,-0.0265f,1.0595f,0f,-0.0265f,-0.9996f,-0.0778f,0f,0f,0f,1f],start_interpolation: 0,interpolation_duration: 1}
$data merge entity $(bone4) {transformation: [-1f,0f,0f,0f,0f,0.9957f,-0.0927f,0.6239f,0f,-0.0927f,-0.9957f,-0.0373f,0f,0f,0f,1f],start_interpolation: 0,interpolation_duration: 1}
$data merge entity $(root) {transformation: [-1f,0f,0f,0f,0f,0.9982f,-0.0597f,0f,0f,-0.0597f,-0.9982f,0f,0f,0f,0f,1f],start_interpolation: 0,interpolation_duration: 1}
data modify storage animated_java:temp entry.data merge value {"cameras":{},"locators":{"entity_hitbox":{"px":0,"py":0,"pz":0,"ry":0,"rx":-3.42},"locator":{"px":0,"py":1.6800058343,"pz":0.5347055948,"ry":0,"rx":0.38}}}
# Data Manager: Write
function animated_java:global/data_manager/write with storage animated_java:temp args