# This file was generated by Animated Java via MC-Build. It is not recommended to edit this file directly.
$data merge entity $(bone2) {transformation: [-1f,0f,0f,0f,0f,0.8855f,0.4647f,0.5775f,0f,0.4647f,-0.8855f,1.5375f,0f,0f,0f,1f],start_interpolation: 0,interpolation_duration: 1}
$data merge entity $(bone3) {transformation: [-1f,0f,0f,0f,0f,0.9796f,0.2008f,0.4009f,0f,0.2008f,-0.9796f,1.4745f,0f,0f,0f,1f],start_interpolation: 0,interpolation_duration: 1}
$data merge entity $(bone1) {transformation: [-1f,0f,0f,0f,0f,0.9418f,0.336f,0.4447f,0f,0.336f,-0.9418f,1.3519f,0f,0f,0f,1f],start_interpolation: 0,interpolation_duration: 1}
$data merge entity $(bone) {transformation: [-1f,0f,0f,0f,0f,-0.155f,0.9879f,0.517f,0f,0.9879f,0.155f,0.8571f,0f,0f,0f,1f],start_interpolation: 0,interpolation_duration: 1}
$data merge entity $(bone4) {transformation: [-1f,0f,0f,0f,0f,0.1308f,0.9914f,0.4598f,0f,0.9914f,-0.1308f,0.4234f,0f,0f,0f,1f],start_interpolation: 0,interpolation_duration: 1}
$data merge entity $(root) {transformation: [-1f,0f,0f,0f,0f,0.7357f,0.6774f,0f,0f,0.6774f,-0.7357f,0f,0f,0f,0f,1f],start_interpolation: 0,interpolation_duration: 1}
data modify storage animated_java:temp entry.data merge value {"cameras":{},"locators":{"entity_hitbox":{"px":0,"py":0,"pz":0,"ry":0,"rx":42.637687756},"locator":{"px":0,"py":0.3506177039,"pz":1.9874196715,"ry":0,"rx":19.6358670915}}}
# Data Manager: Write
function animated_java:global/data_manager/write with storage animated_java:temp args