# This file was generated by Animated Java via MC-Build. It is not recommended to edit this file directly.
$data merge entity $(bone2) {transformation: [-1f,0f,0f,0f,0f,0.8894f,0.4571f,0.64f,0f,0.4571f,-0.8894f,1.5267f,0f,0f,0f,1f],start_interpolation: 0,interpolation_duration: 1}
$data merge entity $(bone3) {transformation: [-1f,0f,0f,0f,0f,0.9836f,0.1801f,0.4625f,0f,0.1801f,-0.9836f,1.4663f,0f,0f,0f,1f],start_interpolation: 0,interpolation_duration: 1}
$data merge entity $(bone1) {transformation: [-1f,0f,0f,0f,0f,0.9467f,0.3221f,0.5045f,0f,0.3221f,-0.9467f,1.3431f,0f,0f,0f,1f],start_interpolation: 0,interpolation_duration: 1}
$data merge entity $(bone) {transformation: [-1f,0f,0f,0f,0f,-0.0903f,0.9959f,0.5444f,0f,0.9959f,0.0903f,0.8446f,0f,0f,0f,1f],start_interpolation: 0,interpolation_duration: 1}
$data merge entity $(bone4) {transformation: [-1f,0f,0f,0f,0f,0.1737f,0.9848f,0.4684f,0f,0.9848f,-0.1737f,0.4138f,0f,0f,0f,1f],start_interpolation: 0,interpolation_duration: 1}
$data merge entity $(root) {transformation: [-1f,0f,0f,0f,0f,0.7495f,0.6621f,0f,0f,0.6621f,-0.7495f,0f,0f,0f,0f,1f],start_interpolation: 0,interpolation_duration: 1}
data modify storage animated_java:temp entry.data merge value {"cameras":{},"locators":{"entity_hitbox":{"px":0,"py":0,"pz":0,"ry":0,"rx":41.456531634},"locator":{"px":0,"py":0.4198230844,"pz":1.9799463233,"ry":0,"rx":18.7881201639}}}
# Data Manager: Write
function animated_java:global/data_manager/write with storage animated_java:temp args