# This file was generated by Animated Java via MC-Build. It is not recommended to edit this file directly.
$data merge entity $(bone2) {transformation: [-1f,0f,0f,0f,0f,0.8978f,0.4404f,0.7463f,0f,0.4404f,-0.8978f,1.4986f,0f,0f,0f,1f],start_interpolation: 0,interpolation_duration: 1}
$data merge entity $(bone3) {transformation: [-1f,0f,0f,0f,0f,0.9878f,0.1554f,0.5675f,0f,0.1554f,-0.9878f,1.4422f,0f,0f,0f,1f],start_interpolation: 0,interpolation_duration: 1}
$data merge entity $(bone1) {transformation: [-1f,0f,0f,0f,0f,0.9535f,0.3013f,0.6068f,0f,0.3013f,-0.9535f,1.318f,0f,0f,0f,1f],start_interpolation: 0,interpolation_duration: 1}
$data merge entity $(bone) {transformation: [-1f,0f,0f,0f,0f,0.0137f,0.9999f,0.5947f,0f,0.9999f,-0.0137f,0.8181f,0f,0f,0f,1f],start_interpolation: 0,interpolation_duration: 1}
$data merge entity $(bone4) {transformation: [-1f,0f,0f,0f,0f,0.2516f,0.9678f,0.4846f,0f,0.9678f,-0.2516f,0.3947f,0f,0f,0f,1f],start_interpolation: 0,interpolation_duration: 1}
$data merge entity $(root) {transformation: [-1f,0f,0f,0f,0f,0.7754f,0.6315f,0f,0f,0.6315f,-0.7754f,0f,0f,0f,0f,1f],start_interpolation: 0,interpolation_duration: 1}
data modify storage animated_java:temp entry.data merge value {"cameras":{},"locators":{"entity_hitbox":{"px":0,"py":0,"pz":0,"ry":0,"rx":39.1613563951},"locator":{"px":0,"py":0.5360828365,"pz":1.956581903,"ry":0,"rx":17.5352753755}}}
# Data Manager: Write
function animated_java:global/data_manager/write with storage animated_java:temp args