# This file was generated by Animated Java via MC-Build. It is not recommended to edit this file directly.
$data merge entity $(bone2) {transformation: [-1f,0f,0f,0f,0f,0.9095f,0.4158f,0.8856f,0f,0.4158f,-0.9095f,1.4462f,0f,0f,0f,1f],start_interpolation: 0,interpolation_duration: 1}
$data merge entity $(bone3) {transformation: [-1f,0f,0f,0f,0f,0.9918f,0.1278f,0.7054f,0f,0.1278f,-0.9918f,1.3947f,0f,0f,0f,1f],start_interpolation: 0,interpolation_duration: 1}
$data merge entity $(bone1) {transformation: [-1f,0f,0f,0f,0f,0.9615f,0.2749f,0.7411f,0f,0.2749f,-0.9615f,1.2695f,0f,0f,0f,1f],start_interpolation: 0,interpolation_duration: 1}
$data merge entity $(bone) {transformation: [-1f,0f,0f,0f,0f,0.1489f,0.9889f,0.6616f,0f,0.9889f,-0.1489f,0.7759f,0f,0f,0f,1f],start_interpolation: 0,interpolation_duration: 1}
$data merge entity $(bone4) {transformation: [-1f,0f,0f,0f,0f,0.3558f,0.9346f,0.5059f,0f,0.9346f,-0.3558f,0.367f,0f,0f,0f,1f],start_interpolation: 0,interpolation_duration: 1}
$data merge entity $(root) {transformation: [-1f,0f,0f,0f,0f,0.8095f,0.5872f,0f,0f,0.5872f,-0.8095f,0f,0f,0f,0f,1f],start_interpolation: 0,interpolation_duration: 1}
data modify storage animated_java:temp entry.data merge value {"cameras":{},"locators":{"entity_hitbox":{"px":0,"py":0,"pz":0,"ry":0,"rx":35.9569868002},"locator":{"px":0,"py":0.6880918594,"pz":1.909804676,"ry":0,"rx":15.9558488848}}}
# Data Manager: Write
function animated_java:global/data_manager/write with storage animated_java:temp args