# This file was generated by Animated Java via MC-Build. It is not recommended to edit this file directly.
$data merge entity $(bone2) {transformation: [-1f,0f,0f,0f,0f,0.9231f,0.3846f,1.0452f,0f,0.3846f,-0.9231f,1.3631f,0f,0f,0f,1f],start_interpolation: 0,interpolation_duration: 1}
$data merge entity $(bone3) {transformation: [-1f,0f,0f,0f,0f,0.9952f,0.0983f,0.8633f,0f,0.0983f,-0.9952f,1.3174f,0f,0f,0f,1f],start_interpolation: 0,interpolation_duration: 1}
$data merge entity $(bone1) {transformation: [-1f,0f,0f,0f,0f,0.9698f,0.2441f,0.8951f,0f,0.2441f,-0.9698f,1.1911f,0f,0f,0f,1f],start_interpolation: 0,interpolation_duration: 1}
$data merge entity $(bone) {transformation: [-1f,0f,0f,0f,0f,0.3044f,0.9526f,0.738f,0f,0.9526f,-0.3044f,0.7164f,0f,0f,0f,1f],start_interpolation: 0,interpolation_duration: 1}
$data merge entity $(bone4) {transformation: [-1f,0f,0f,0f,0f,0.4759f,0.8795f,0.5298f,0f,0.8795f,-0.4759f,0.3316f,0f,0f,0f,1f],start_interpolation: 0,interpolation_duration: 1}
$data merge entity $(root) {transformation: [-1f,0f,0f,0f,0f,0.8476f,0.5306f,0f,0f,0.5306f,-0.8476f,0f,0f,0f,0f,1f],start_interpolation: 0,interpolation_duration: 1}
data modify storage animated_java:temp entry.data merge value {"cameras":{},"locators":{"entity_hitbox":{"px":0,"py":0,"pz":0,"ry":0,"rx":32.0482476104},"locator":{"px":0,"py":0.8625036631,"pz":1.8327678191,"ry":0,"rx":14.1283568503}}}
# Data Manager: Write
function animated_java:global/data_manager/write with storage animated_java:temp args