# This file was generated by Animated Java via MC-Build. It is not recommended to edit this file directly.
$data merge entity $(bone2) {transformation: [-1f,0f,0f,0f,0f,0.9375f,0.348f,1.2106f,0f,0.348f,-0.9375f,1.2461f,0f,0f,0f,1f],start_interpolation: 0,interpolation_duration: 1}
$data merge entity $(bone3) {transformation: [-1f,0f,0f,0f,0f,0.9977f,0.0679f,1.0272f,0f,0.0679f,-0.9977f,1.2067f,0f,0f,0f,1f],start_interpolation: 0,interpolation_duration: 1}
$data merge entity $(bone1) {transformation: [-1f,0f,0f,0f,0f,0.9777f,0.2102f,1.0546f,0f,0.2102f,-0.9777f,1.0794f,0f,0f,0f,1f],start_interpolation: 0,interpolation_duration: 1}
$data merge entity $(bone) {transformation: [-1f,0f,0f,0f,0f,0.467f,0.8843f,0.8165f,0f,0.8843f,-0.467f,0.6397f,0f,0f,0f,1f],start_interpolation: 0,interpolation_duration: 1}
$data merge entity $(bone4) {transformation: [-1f,0f,0f,0f,0f,0.6008f,0.7994f,0.5537f,0f,0.7994f,-0.6008f,0.2899f,0f,0f,0f,1f],start_interpolation: 0,interpolation_duration: 1}
$data merge entity $(root) {transformation: [-1f,0f,0f,0f,0f,0.8859f,0.4639f,0f,0f,0.4639f,-0.8859f,0f,0f,0f,0f,1f],start_interpolation: 0,interpolation_duration: 1}
data modify storage animated_java:temp entry.data merge value {"cameras":{},"locators":{"entity_hitbox":{"px":0,"py":0,"pz":0,"ry":0,"rx":27.6399635867},"locator":{"px":0,"py":1.0443808883,"pz":1.7217944307,"ry":0,"rx":12.1313154301}}}
# Data Manager: Write
function animated_java:global/data_manager/write with storage animated_java:temp args