# This file was generated by Animated Java via MC-Build. It is not recommended to edit this file directly.
$data merge entity $(bone2) {transformation: [-1f,0f,0f,0f,0f,0.9515f,0.3076f,1.3674f,0f,0.3076f,-0.9515f,1.0966f,0f,0f,0f,1f],start_interpolation: 0,interpolation_duration: 1}
$data merge entity $(bone3) {transformation: [-1f,0f,0f,0f,0f,0.9993f,0.0379f,1.1827f,0f,0.0379f,-0.9993f,1.0639f,0f,0f,0f,1f],start_interpolation: 0,interpolation_duration: 1}
$data merge entity $(bone1) {transformation: [-1f,0f,0f,0f,0f,0.9847f,0.1744f,1.2054f,0f,0.1744f,-0.9847f,0.9357f,0f,0f,0f,1f],start_interpolation: 0,interpolation_duration: 1}
$data merge entity $(bone) {transformation: [-1f,0f,0f,0f,0f,0.6224f,0.7827f,0.8902f,0f,0.7827f,-0.6224f,0.5476f,0f,0f,0f,1f],start_interpolation: 0,interpolation_duration: 1}
$data merge entity $(bone4) {transformation: [-1f,0f,0f,0f,0f,0.719f,0.695f,0.5756f,0f,0.695f,-0.719f,0.2436f,0f,0f,0f,1f],start_interpolation: 0,interpolation_duration: 1}
$data merge entity $(root) {transformation: [-1f,0f,0f,0f,0f,0.9209f,0.3897f,0f,0f,0.3897f,-0.9209f,0f,0f,0f,0f,1f],start_interpolation: 0,interpolation_duration: 1}
data modify storage animated_java:temp entry.data merge value {"cameras":{},"locators":{"entity_hitbox":{"px":0,"py":0,"pz":0,"ry":0,"rx":22.9369594902},"locator":{"px":0,"py":1.2186215914,"pz":1.5780838341,"ry":0,"rx":10.0432407829}}}
# Data Manager: Write
function animated_java:global/data_manager/write with storage animated_java:temp args