# This file was generated by Animated Java via MC-Build. It is not recommended to edit this file directly.
$data merge entity $(bone2) {transformation: [-1f,0f,0f,0f,0f,0.9643f,0.2647f,1.503f,0f,0.2647f,-0.9643f,0.9217f,0f,0f,0f,1f],start_interpolation: 0,interpolation_duration: 1}
$data merge entity $(bone3) {transformation: [-1f,0f,0f,0f,0f,1f,0.0093f,1.3173f,0f,0.0093f,-1f,0.8958f,0f,0f,0f,1f],start_interpolation: 0,interpolation_duration: 1}
$data merge entity $(bone1) {transformation: [-1f,0f,0f,0f,0f,0.9904f,0.1382f,1.3353f,0f,0.1382f,-0.9904f,0.7668f,0f,0f,0f,1f],start_interpolation: 0,interpolation_duration: 1}
$data merge entity $(bone) {transformation: [-1f,0f,0f,0f,0f,0.7577f,0.6526f,0.9531f,0f,0.6526f,-0.7577f,0.4445f,0f,0f,0f,1f],start_interpolation: 0,interpolation_duration: 1}
$data merge entity $(bone4) {transformation: [-1f,0f,0f,0f,0f,0.8209f,0.5711f,0.5939f,0f,0.5711f,-0.8209f,0.1946f,0f,0f,0f,1f],start_interpolation: 0,interpolation_duration: 1}
$data merge entity $(root) {transformation: [-1f,0f,0f,0f,0f,0.9503f,0.3114f,0f,0f,0.3114f,-0.9503f,0f,0f,0f,0f,1f],start_interpolation: 0,interpolation_duration: 1}
data modify storage animated_java:temp entry.data merge value {"cameras":{},"locators":{"entity_hitbox":{"px":0,"py":0,"pz":0,"ry":0,"rx":18.1440600819},"locator":{"px":0,"py":1.3720334957,"pz":1.4082644114,"ry":0,"rx":7.9426490669}}}
# Data Manager: Write
function animated_java:global/data_manager/write with storage animated_java:temp args