# This file was generated by Animated Java via MC-Build. It is not recommended to edit this file directly.
$data merge entity $(bone2) {transformation: [-1f,0f,0f,0f,0f,0.9752f,0.2211f,1.609f,0f,0.2211f,-0.9752f,0.7328f,0f,0f,0f,1f],start_interpolation: 0,interpolation_duration: 1}
$data merge entity $(bone3) {transformation: [-1f,0f,0f,0f,0f,0.9999f,-0.0167f,1.4225f,0f,-0.0167f,-0.9999f,0.7135f,0f,0f,0f,1f],start_interpolation: 0,interpolation_duration: 1}
$data merge entity $(bone1) {transformation: [-1f,0f,0f,0f,0f,0.9947f,0.1029f,1.4359f,0f,0.1029f,-0.9947f,0.5839f,0f,0f,0f,1f],start_interpolation: 0,interpolation_duration: 1}
$data merge entity $(bone) {transformation: [-1f,0f,0f,0f,0f,0.8636f,0.5042f,1.0015f,0f,0.5042f,-0.8636f,0.3363f,0f,0f,0f,1f],start_interpolation: 0,interpolation_duration: 1}
$data merge entity $(bone4) {transformation: [-1f,0f,0f,0f,0f,0.8999f,0.4361f,0.6078f,0f,0.4361f,-0.8999f,0.1455f,0f,0f,0f,1f],start_interpolation: 0,interpolation_duration: 1}
$data merge entity $(root) {transformation: [-1f,0f,0f,0f,0f,0.9725f,0.2329f,0f,0f,0.2329f,-0.9725f,0f,0f,0f,0f,1f],start_interpolation: 0,interpolation_duration: 1}
data modify storage animated_java:temp entry.data merge value {"cameras":{},"locators":{"entity_hitbox":{"px":0,"py":0,"pz":0,"ry":0,"rx":13.4660901229},"locator":{"px":0,"py":1.4954108067,"pz":1.2236651092,"ry":0,"rx":5.9080564406}}}
# Data Manager: Write
function animated_java:global/data_manager/write with storage animated_java:temp args