# This file was generated by Animated Java via MC-Build. It is not recommended to edit this file directly.
$data merge entity $(bone2) {transformation: [-1f,0f,0f,0f,0f,0.9955f,-0.0953f,1.7281f,0f,-0.0953f,-0.9955f,-0.0963f,0f,0f,0f,1f],start_interpolation: 0,interpolation_duration: 1}
$data merge entity $(bone3) {transformation: [-1f,0f,0f,0f,0f,0.9918f,0.1279f,1.5407f,0f,0.1279f,-0.9918f,-0.0994f,0f,0f,0f,1f],start_interpolation: 0,interpolation_duration: 1}
$data merge entity $(bone1) {transformation: [-1f,0f,0f,0f,0f,0.9999f,0.0164f,1.5428f,0f,0.0164f,-0.9999f,-0.2295f,0f,0f,0f,1f],start_interpolation: 0,interpolation_duration: 1}
$data merge entity $(bone) {transformation: [-1f,0f,0f,0f,0f,0.9978f,-0.0656f,1.0442f,0f,-0.0656f,-0.9978f,-0.1916f,0f,0f,0f,1f],start_interpolation: 0,interpolation_duration: 1}
$data merge entity $(bone4) {transformation: [-1f,0f,0f,0f,0f,0.9737f,-0.2277f,0.6182f,0f,-0.2277f,-0.9737f,-0.0919f,0f,0f,0f,1f],start_interpolation: 0,interpolation_duration: 1}
$data merge entity $(root) {transformation: [-1f,0f,0f,0f,0f,0.9891f,-0.1471f,0f,0f,-0.1471f,-0.9891f,0f,0f,0f,0f,1f],start_interpolation: 0,interpolation_duration: 1}
data modify storage animated_java:temp entry.data merge value {"cameras":{},"locators":{"entity_hitbox":{"px":0,"py":0,"pz":0,"ry":0,"rx":-8.46},"locator":{"px":0,"py":1.6574362691,"pz":0.4026329867,"ry":0,"rx":0.94}}}
# Data Manager: Write
function animated_java:global/data_manager/write with storage animated_java:temp args