# This file was generated by Animated Java via MC-Build. It is not recommended to edit this file directly.
$data merge entity $(bone2) {transformation: [-1f,0f,0f,0f,0f,0.984f,0.1784f,1.6823f,0f,0.1784f,-0.984f,0.5442f,0f,0f,0f,1f],start_interpolation: 0,interpolation_duration: 1}
$data merge entity $(bone3) {transformation: [-1f,0f,0f,0f,0f,0.9992f,-0.0391f,1.4953f,0f,-0.0391f,-0.9992f,0.531f,0f,0f,0f,1f],start_interpolation: 0,interpolation_duration: 1}
$data merge entity $(bone1) {transformation: [-1f,0f,0f,0f,0f,0.9975f,0.0701f,1.5044f,0f,0.0701f,-0.9975f,0.4012f,0f,0f,0f,1f],start_interpolation: 0,interpolation_duration: 1}
$data merge entity $(bone) {transformation: [-1f,0f,0f,0f,0f,0.9364f,0.351f,1.0344f,0f,0.351f,-0.9364f,0.2305f,0f,0f,0f,1f],start_interpolation: 0,interpolation_duration: 1}
$data merge entity $(bone4) {transformation: [-1f,0f,0f,0f,0f,0.9537f,0.3007f,0.6171f,0f,0.3007f,-0.9537f,0.0989f,0f,0f,0f,1f],start_interpolation: 0,interpolation_duration: 1}
$data merge entity $(root) {transformation: [-1f,0f,0f,0f,0f,0.9874f,0.1583f,0f,0f,0.1583f,-0.9874f,0f,0f,0f,0f,1f],start_interpolation: 0,interpolation_duration: 1}
data modify storage animated_java:temp entry.data merge value {"cameras":{},"locators":{"entity_hitbox":{"px":0,"py":0,"pz":0,"ry":0,"rx":9.1078743741},"locator":{"px":0,"py":1.5849094272,"pz":1.038568571,"ry":0,"rx":4.0179790624}}}
# Data Manager: Write
function animated_java:global/data_manager/write with storage animated_java:temp args