# This file was generated by Animated Java via MC-Build. It is not recommended to edit this file directly.
$data merge entity $(bone2) {transformation: [-1f,0f,0f,0f,0f,0.9904f,0.1384f,1.7252f,0f,0.1384f,-0.9904f,0.371f,0f,0f,0f,1f],start_interpolation: 0,interpolation_duration: 1}
$data merge entity $(bone3) {transformation: [-1f,0f,0f,0f,0f,0.9984f,-0.0568f,1.5379f,0f,-0.0568f,-0.9984f,0.3633f,0f,0f,0f,1f],start_interpolation: 0,interpolation_duration: 1}
$data merge entity $(bone1) {transformation: [-1f,0f,0f,0f,0f,0.9992f,0.041f,1.5432f,0f,0.041f,-0.9992f,0.2333f,0f,0f,0f,1f],start_interpolation: 0,interpolation_duration: 1}
$data merge entity $(bone) {transformation: [-1f,0f,0f,0f,0f,0.9782f,0.2076f,1.053f,0f,0.2076f,-0.9782f,0.1346f,0f,0f,0f,1f],start_interpolation: 0,interpolation_duration: 1}
$data merge entity $(bone4) {transformation: [-1f,0f,0f,0f,0f,0.9843f,0.1762f,0.6224f,0f,0.1762f,-0.9843f,0.0575f,0f,0f,0f,1f],start_interpolation: 0,interpolation_duration: 1}
$data merge entity $(root) {transformation: [-1f,0f,0f,0f,0f,0.9958f,0.0919f,0f,0f,0.0919f,-0.9958f,0f,0f,0f,0f,1f],start_interpolation: 0,interpolation_duration: 1}
data modify storage animated_java:temp entry.data merge value {"cameras":{},"locators":{"entity_hitbox":{"px":0,"py":0,"pz":0,"ry":0,"rx":5.2742375967},"locator":{"px":0,"py":1.6422398522,"pz":0.8680560585,"ry":0,"rx":2.3509330906}}}
# Data Manager: Write
function animated_java:global/data_manager/write with storage animated_java:temp args