# This file was generated by Animated Java via MC-Build. It is not recommended to edit this file directly.
$data merge entity $(bone2) {transformation: [-1f,0f,0f,0f,0f,0.9947f,0.1029f,1.7447f,0f,0.1029f,-0.9947f,0.2273f,0f,0f,0f,1f],start_interpolation: 0,interpolation_duration: 1}
$data merge entity $(bone3) {transformation: [-1f,0f,0f,0f,0f,0.9976f,-0.0686f,1.5572f,0f,-0.0686f,-0.9976f,0.2241f,0f,0f,0f,1f],start_interpolation: 0,interpolation_duration: 1}
$data merge entity $(bone1) {transformation: [-1f,0f,0f,0f,0f,0.9999f,0.0172f,1.5594f,0f,0.0172f,-0.9999f,0.0939f,0f,0f,0f,1f],start_interpolation: 0,interpolation_duration: 1}
$data merge entity $(bone) {transformation: [-1f,0f,0f,0f,0f,0.9962f,0.087f,1.0609f,0f,0.087f,-0.9962f,0.0556f,0f,0f,0f,1f],start_interpolation: 0,interpolation_duration: 1}
$data merge entity $(bone4) {transformation: [-1f,0f,0f,0f,0f,0.9973f,0.073f,0.6246f,0f,0.073f,-0.9973f,0.0237f,0f,0f,0f,1f],start_interpolation: 0,interpolation_duration: 1}
$data merge entity $(root) {transformation: [-1f,0f,0f,0f,0f,0.9993f,0.0379f,0f,0f,0.0379f,-0.9993f,0f,0f,0f,0f,1f],start_interpolation: 0,interpolation_duration: 1}
data modify storage animated_java:temp entry.data merge value {"cameras":{},"locators":{"entity_hitbox":{"px":0,"py":0,"pz":0,"ry":0,"rx":2.1700045517},"locator":{"px":0,"py":1.6735851395,"pz":0.7261760663,"ry":0,"rx":0.9854346837}}}
# Data Manager: Write
function animated_java:global/data_manager/write with storage animated_java:temp args