# This file was generated by Animated Java via MC-Build. It is not recommended to edit this file directly.
$data merge entity $(bone2) {transformation: [-1f,0f,0f,0f,0f,0.999f,0.0447f,1.7485f,0f,0.0447f,-0.999f,0.0279f,0f,0f,0f,1f],start_interpolation: 0,interpolation_duration: 1}
$data merge entity $(bone3) {transformation: [-1f,0f,0f,0f,0f,0.997f,-0.078f,1.5611f,0f,-0.078f,-0.997f,0.031f,0f,0f,0f,1f],start_interpolation: 0,interpolation_duration: 1}
$data merge entity $(bone1) {transformation: [-1f,0f,0f,0f,0f,0.9999f,-0.0167f,1.5589f,0f,-0.0167f,-0.9999f,-0.0992f,0f,0f,0f,1f],start_interpolation: 0,interpolation_duration: 1}
$data merge entity $(bone) {transformation: [-1f,0f,0f,0f,0f,0.9965f,-0.0834f,1.0611f,0f,-0.0834f,-0.9965f,-0.0523f,0f,0f,0f,1f],start_interpolation: 0,interpolation_duration: 1}
$data merge entity $(bone4) {transformation: [-1f,0f,0f,0f,0f,0.9976f,-0.0688f,0.6246f,0f,-0.0688f,-0.9976f,-0.0222f,0f,0f,0f,1f],start_interpolation: 0,interpolation_duration: 1}
$data merge entity $(root) {transformation: [-1f,0f,0f,0f,0f,0.9994f,-0.0355f,0f,0f,-0.0355f,-0.9994f,0f,0f,0f,0f,1f],start_interpolation: 0,interpolation_duration: 1}
data modify storage animated_java:temp entry.data merge value {"cameras":{},"locators":{"entity_hitbox":{"px":0,"py":0,"pz":0,"ry":0,"rx":-2.0336914062},"locator":{"px":0,"py":1.6943997021,"pz":0.5288326318,"ry":0,"rx":-0.95703125}}}
# Data Manager: Write
function animated_java:global/data_manager/write with storage animated_java:temp args