# This file was generated by Animated Java via MC-Build. It is not recommended to edit this file directly.
$data merge entity $(bone2) {transformation: [-1f,0f,0f,0f,0f,0.9999f,0.0126f,1.7452f,0f,0.0126f,-0.9999f,-0.0235f,0f,0f,0f,1f],start_interpolation: 0,interpolation_duration: 1}
$data merge entity $(bone3) {transformation: [-1f,0f,0f,0f,0f,0.998f,-0.0637f,1.5577f,0f,-0.0637f,-0.998f,-0.0187f,0f,0f,0f,1f],start_interpolation: 0,interpolation_duration: 1}
$data merge entity $(bone1) {transformation: [-1f,0f,0f,0f,0f,0.9997f,-0.0256f,1.5544f,0f,-0.0256f,-0.9997f,-0.1489f,0f,0f,0f,1f],start_interpolation: 0,interpolation_duration: 1}
$data merge entity $(bone) {transformation: [-1f,0f,0f,0f,0f,0.9918f,-0.1275f,1.0591f,0f,-0.1275f,-0.9918f,-0.08f,0f,0f,0f,1f],start_interpolation: 0,interpolation_duration: 1}
$data merge entity $(bone4) {transformation: [-1f,0f,0f,0f,0f,0.9944f,-0.1053f,0.6241f,0f,-0.1053f,-0.9944f,-0.0339f,0f,0f,0f,1f],start_interpolation: 0,interpolation_duration: 1}
$data merge entity $(root) {transformation: [-1f,0f,0f,0f,0f,0.9985f,-0.0543f,0f,0f,-0.0543f,-0.9985f,0f,0f,0f,0f,1f],start_interpolation: 0,interpolation_duration: 1}
data modify storage animated_java:temp entry.data merge value {"cameras":{},"locators":{"entity_hitbox":{"px":0,"py":0,"pz":0,"ry":0,"rx":-3.1127929687},"locator":{"px":0,"py":1.6954730442,"pz":0.4779067741,"ry":0,"rx":-1.46484375}}}
# Data Manager: Write
function animated_java:global/data_manager/write with storage animated_java:temp args