# This file was generated by Animated Java via MC-Build. It is not recommended to edit this file directly.
$data merge entity $(bone2) {transformation: [-1f,0f,0f,0f,0f,1f,0.003f,1.7489f,0f,0.003f,-1f,0.0358f,0f,0f,0f,1f],start_interpolation: 0,interpolation_duration: 1}
$data merge entity $(bone3) {transformation: [-1f,0f,0f,0f,0f,0.9994f,-0.0337f,1.5614f,0f,-0.0337f,-0.9994f,0.0387f,0f,0f,0f,1f],start_interpolation: 0,interpolation_duration: 1}
$data merge entity $(bone1) {transformation: [-1f,0f,0f,0f,0f,0.9999f,-0.0153f,1.5594f,0f,-0.0153f,-0.9999f,-0.0915f,0f,0f,0f,1f],start_interpolation: 0,interpolation_duration: 1}
$data merge entity $(bone) {transformation: [-1f,0f,0f,0f,0f,0.9971f,-0.0766f,1.0613f,0f,-0.0766f,-0.9971f,-0.048f,0f,0f,0f,1f],start_interpolation: 0,interpolation_duration: 1}
$data merge entity $(bone4) {transformation: [-1f,0f,0f,0f,0f,0.998f,-0.0632f,0.6247f,0f,-0.0632f,-0.998f,-0.0204f,0f,0f,0f,1f],start_interpolation: 0,interpolation_duration: 1}
$data merge entity $(root) {transformation: [-1f,0f,0f,0f,0f,0.9995f,-0.0326f,0f,0f,-0.0326f,-0.9995f,0f,0f,0f,0f,1f],start_interpolation: 0,interpolation_duration: 1}
data modify storage animated_java:temp entry.data merge value {"cameras":{},"locators":{"entity_hitbox":{"px":0,"py":0,"pz":0,"ry":0,"rx":-1.8676757813},"locator":{"px":0,"py":1.6940755605,"pz":0.5366771706,"ry":0,"rx":-0.87890625}}}
# Data Manager: Write
function animated_java:global/data_manager/write with storage animated_java:temp args