# This file was generated by Animated Java via MC-Build. It is not recommended to edit this file directly.
$data merge entity $(bone2) {transformation: [-1f,0f,0f,0f,0f,0.9863f,-0.1648f,1.6928f,0f,-0.1648f,-0.9863f,-0.2386f,0f,0f,0f,1f],start_interpolation: 0,interpolation_duration: 1}
$data merge entity $(bone3) {transformation: [-1f,0f,0f,0f,0f,0.9759f,0.2182f,1.5054f,0f,0.2182f,-0.9759f,-0.2437f,0f,0f,0f,1f],start_interpolation: 0,interpolation_duration: 1}
$data merge entity $(bone1) {transformation: [-1f,0f,0f,0f,0f,0.9996f,0.0272f,1.5089f,0f,0.0272f,-0.9996f,-0.3739f,0f,0f,0f,1f],start_interpolation: 0,interpolation_duration: 1}
$data merge entity $(bone) {transformation: [-1f,0f,0f,0f,0f,0.9941f,-0.1087f,1.0124f,0f,-0.1087f,-0.9941f,-0.3144f,0f,0f,0f,1f],start_interpolation: 0,interpolation_duration: 1}
$data merge entity $(bone4) {transformation: [-1f,0f,0f,0f,0f,0.9282f,-0.372f,0.6063f,0f,-0.372f,-0.9282f,-0.1516f,0f,0f,0f,1f],start_interpolation: 0,interpolation_duration: 1}
$data merge entity $(root) {transformation: [-1f,0f,0f,0f,0f,0.9701f,-0.2426f,0f,0f,-0.2426f,-0.9701f,0f,0f,0f,0f,1f],start_interpolation: 0,interpolation_duration: 1}
data modify storage animated_java:temp entry.data merge value {"cameras":{},"locators":{"entity_hitbox":{"px":0,"py":0,"pz":0,"ry":0,"rx":-14.04},"locator":{"px":0,"py":1.6166967465,"pz":0.2594720641,"ry":0,"rx":1.56}}}
# Data Manager: Write
function animated_java:global/data_manager/write with storage animated_java:temp args