# This file was generated by Animated Java via MC-Build. It is not recommended to edit this file directly.
$data merge entity $(bone2) {transformation: [-1f,0f,0f,0f,0f,0.9711f,-0.2388f,1.6471f,0f,-0.2388f,-0.9711f,-0.3628f,0f,0f,0f,1f],start_interpolation: 0,interpolation_duration: 1}
$data merge entity $(bone3) {transformation: [-1f,0f,0f,0f,0f,0.9507f,0.31f,1.4597f,0f,0.31f,-0.9507f,-0.3697f,0f,0f,0f,1f],start_interpolation: 0,interpolation_duration: 1}
$data merge entity $(bone1) {transformation: [-1f,0f,0f,0f,0f,0.9993f,0.037f,1.4645f,0f,0.037f,-0.9993f,-0.4998f,0f,0f,0f,1f],start_interpolation: 0,interpolation_duration: 1}
$data merge entity $(bone) {transformation: [-1f,0f,0f,0f,0f,0.9891f,-0.1475f,0.9708f,0f,-0.1475f,-0.9891f,-0.4209f,0f,0f,0f,1f],start_interpolation: 0,interpolation_duration: 1}
$data merge entity $(bone4) {transformation: [-1f,0f,0f,0f,0f,0.8688f,-0.4952f,0.5907f,0f,-0.4952f,-0.8688f,-0.2043f,0f,0f,0f,1f],start_interpolation: 0,interpolation_duration: 1}
$data merge entity $(root) {transformation: [-1f,0f,0f,0f,0f,0.9451f,-0.3269f,0f,0f,-0.3269f,-0.9451f,0f,0f,0f,0f,1f],start_interpolation: 0,interpolation_duration: 1}
data modify storage animated_java:temp entry.data merge value {"cameras":{},"locators":{"entity_hitbox":{"px":0,"py":0,"pz":0,"ry":0,"rx":-19.08},"locator":{"px":0,"py":1.5661334831,"pz":0.1345820507,"ry":0,"rx":2.12}}}
# Data Manager: Write
function animated_java:global/data_manager/write with storage animated_java:temp args