# This file was generated by Animated Java via MC-Build. It is not recommended to edit this file directly.
$data merge entity $(bone2) {transformation: [-1f,0f,0f,0f,0f,0.925f,-0.3801f,1.5492f,0f,-0.3801f,-0.925f,-0.5681f,0f,0f,0f,1f],start_interpolation: 0,interpolation_duration: 1}
$data merge entity $(bone3) {transformation: [-1f,0f,0f,0f,0f,0.8956f,0.4448f,1.3618f,0f,0.4448f,-0.8956f,-0.5748f,0f,0f,0f,1f],start_interpolation: 0,interpolation_duration: 1}
$data merge entity $(bone1) {transformation: [-1f,0f,0f,0f,0f,0.9994f,0.0355f,1.3664f,0f,0.0355f,-0.9994f,-0.7049f,0f,0f,0f,1f],start_interpolation: 0,interpolation_duration: 1}
$data merge entity $(bone) {transformation: [-1f,0f,0f,0f,0f,0.9668f,-0.2557f,0.8844f,0f,-0.2557f,-0.9668f,-0.572f,0f,0f,0f,1f],start_interpolation: 0,interpolation_duration: 1}
$data merge entity $(bone4) {transformation: [-1f,0f,0f,0f,0f,0.7438f,-0.6684f,0.559f,0f,-0.6684f,-0.7438f,-0.2796f,0f,0f,0f,1f],start_interpolation: 0,interpolation_duration: 1}
$data merge entity $(root) {transformation: [-1f,0f,0f,0f,0f,0.8944f,-0.4474f,0f,0f,-0.4474f,-0.8944f,0f,0f,0f,0f,1f],start_interpolation: 0,interpolation_duration: 1}
data modify storage animated_java:temp entry.data merge value {"cameras":{},"locators":{"entity_hitbox":{"px":0,"py":0,"pz":0,"ry":0,"rx":-26.5740740741},"locator":{"px":0,"py":1.4689494256,"pz":-0.0706555815,"ry":0,"rx":2.037037037}}}
# Data Manager: Write
function animated_java:global/data_manager/write with storage animated_java:temp args