# This file was generated by Animated Java via MC-Build. It is not recommended to edit this file directly.
$data merge entity $(bone2) {transformation: [-1f,0f,0f,0f,0f,0.9021f,-0.4316f,1.5174f,0f,-0.4316f,-0.9021f,-0.6335f,0f,0f,0f,1f],start_interpolation: 0,interpolation_duration: 1}
$data merge entity $(bone3) {transformation: [-1f,0f,0f,0f,0f,0.8816f,0.472f,1.33f,0f,0.472f,-0.8816f,-0.6378f,0f,0f,0f,1f],start_interpolation: 0,interpolation_duration: 1}
$data merge entity $(bone1) {transformation: [-1f,0f,0f,0f,0f,0.9997f,0.0226f,1.3329f,0f,0.0226f,-0.9997f,-0.7679f,0f,0f,0f,1f],start_interpolation: 0,interpolation_duration: 1}
$data merge entity $(bone) {transformation: [-1f,0f,0f,0f,0f,0.9482f,-0.3176f,0.8604f,0f,-0.3176f,-0.9482f,-0.6042f,0f,0f,0f,1f],start_interpolation: 0,interpolation_duration: 1}
$data merge entity $(bone4) {transformation: [-1f,0f,0f,0f,0f,0.7071f,-0.7071f,0.5511f,0f,-0.7071f,-0.7071f,-0.2948f,0f,0f,0f,1f],start_interpolation: 0,interpolation_duration: 1}
$data merge entity $(root) {transformation: [-1f,0f,0f,0f,0f,0.8817f,-0.4718f,0f,0f,-0.4718f,-0.8817f,0f,0f,0f,0f,1f],start_interpolation: 0,interpolation_duration: 1}
data modify storage animated_java:temp entry.data merge value {"cameras":{},"locators":{"entity_hitbox":{"px":0,"py":0,"pz":0,"ry":0,"rx":-28.1481481481},"locator":{"px":0,"py":1.443608292,"pz":-0.135074195,"ry":0,"rx":1.2962962963}}}
# Data Manager: Write
function animated_java:global/data_manager/write with storage animated_java:temp args