# This file was generated by Animated Java via MC-Build. It is not recommended to edit this file directly.
$data merge entity $(bone2) {transformation: [-1f,0f,0f,0f,0f,0.9063f,-0.4226f,1.6089f,0f,-0.4226f,-0.9063f,-0.4438f,0f,0f,0f,1f],start_interpolation: 0,interpolation_duration: 1}
$data merge entity $(bone3) {transformation: [-1f,0f,0f,0f,0f,0.866f,0.5f,1.4216f,0f,0.5f,-0.866f,-0.452f,0f,0f,0f,1f],start_interpolation: 0,interpolation_duration: 1}
$data merge entity $(bone1) {transformation: [-1f,0f,0f,0f,0f,0.999f,0.0436f,1.4273f,0f,0.0436f,-0.999f,-0.5821f,0f,0f,0f,1f],start_interpolation: 0,interpolation_duration: 1}
$data merge entity $(bone) {transformation: [-1f,0f,0f,0f,0f,0.9848f,-0.1736f,0.9358f,0f,-0.1736f,-0.9848f,-0.4901f,0f,0f,0f,1f],start_interpolation: 0,interpolation_duration: 1}
$data merge entity $(bone4) {transformation: [-1f,0f,0f,0f,0f,0.8192f,-0.5736f,0.5774f,0f,-0.5736f,-0.8192f,-0.2392f,0f,0f,0f,1f],start_interpolation: 0,interpolation_duration: 1}
$data merge entity $(root) {transformation: [-1f,0f,0f,0f,0f,0.9239f,-0.3827f,0f,0f,-0.3827f,-0.9239f,0f,0f,0f,0f,1f],start_interpolation: 0,interpolation_duration: 1}
data modify storage animated_java:temp entry.data merge value {"cameras":{},"locators":{"entity_hitbox":{"px":0,"py":0,"pz":0,"ry":0,"rx":-22.5},"locator":{"px":0,"py":1.5246949577,"pz":0.0529908031,"ry":0,"rx":2.5}}}
# Data Manager: Write
function animated_java:global/data_manager/write with storage animated_java:temp args