# This file was generated by Animated Java via MC-Build. It is not recommended to edit this file directly.
$data merge entity $(bone2) {transformation: [-1f,0f,0f,0f,0f,0.9998f,0.0218f,1.4647f,0f,0.0218f,-0.9998f,0.9028f,0f,0f,0f,1f],start_interpolation: 0,interpolation_duration: 1}
$data merge entity $(bone3) {transformation: [-1f,0f,0f,0f,0f,0.9153f,0.4027f,1.2816f,0f,0.4027f,-0.9153f,0.8622f,0f,0f,0f,1f],start_interpolation: 0,interpolation_duration: 1}
$data merge entity $(bone1) {transformation: [-1f,0f,0f,0f,0f,0.9763f,0.2164f,1.3098f,0f,0.2164f,-0.9763f,0.7351f,0f,0f,0f,1f],start_interpolation: 0,interpolation_duration: 1}
$data merge entity $(bone) {transformation: [-1f,0f,0f,0f,0f,0.6259f,0.7799f,0.9928f,0f,0.7799f,-0.6259f,0.3484f,0f,0f,0f,1f],start_interpolation: 0,interpolation_duration: 1}
$data merge entity $(bone4) {transformation: [-1f,0f,0f,0f,0f,0.8754f,0.4834f,0.6098f,0f,0.4834f,-0.8754f,0.1369f,0f,0f,0f,1f],start_interpolation: 0,interpolation_duration: 1}
$data merge entity $(root) {transformation: [-1f,0f,0f,0f,0f,0.9757f,0.2191f,0f,0f,0.2191f,-0.9757f,0f,0f,0f,0f,1f],start_interpolation: 0,interpolation_duration: 1}
data modify storage animated_java:temp entry.data merge value {"cameras":{},"locators":{"entity_hitbox":{"px":0,"py":0,"pz":0,"ry":0,"rx":12.65625},"locator":{"px":0,"py":1.295464965,"pz":1.3774230787,"ry":0,"rx":12.5}}}
# Data Manager: Write
function animated_java:global/data_manager/write with storage animated_java:temp args