# This file was generated by Animated Java via MC-Build. It is not recommended to edit this file directly.
$data merge entity $(bone2) {transformation: [-0.9985f,-0.0543f,-0.0043f,-0.0947f,-0.0545f,0.9954f,0.079f,1.7347f,0f,0.0791f,-0.9969f,0.2037f,0f,0f,0f,1f],start_interpolation: 0,interpolation_duration: 1}
$data merge entity $(bone3) {transformation: [-0.9985f,-0.0543f,-0.0043f,-0.0845f,-0.0545f,0.9954f,0.079f,1.548f,0f,0.0791f,-0.9969f,0.1889f,0f,0f,0f,1f],start_interpolation: 0,interpolation_duration: 1}
$data merge entity $(bone1) {transformation: [-0.9985f,-0.0543f,-0.0043f,-0.0851f,-0.0545f,0.9954f,0.079f,1.5583f,0f,0.0791f,-0.9969f,0.0591f,0f,0f,0f,1f],start_interpolation: 0,interpolation_duration: 1}
$data merge entity $(bone) {transformation: [-0.9985f,-0.0543f,-0.0043f,-0.0579f,-0.0545f,0.9954f,0.079f,1.0602f,0f,0.0791f,-0.9969f,0.0247f,0f,0f,0f,1f],start_interpolation: 0,interpolation_duration: 1}
$data merge entity $(bone4) {transformation: [-0.9985f,-0.0544f,-0.0031f,-0.0341f,-0.0545f,0.9969f,0.0564f,0.6241f,0f,0.0565f,-0.9984f,0f,0f,0f,0f,1f],start_interpolation: 0,interpolation_duration: 1}
$data merge entity $(root) {transformation: [-0.9985f,-0.0545f,0f,0f,-0.0545f,0.9985f,0f,0f,0f,0f,-1f,0f,0f,0f,0f,1f],start_interpolation: 0,interpolation_duration: 1}
data modify storage animated_java:temp entry.data merge value {"cameras":{},"locators":{"entity_hitbox":{"px":0,"py":0,"pz":0,"ry":0,"rx":0},"locator":{"px":-0.0891531344,"py":1.6329702955,"pz":0.6972137015,"ry":359.7521489664,"rx":4.530276262}}}
# Data Manager: Write
function animated_java:global/data_manager/write with storage animated_java:temp args