# This file was generated by Animated Java via MC-Build. It is not recommended to edit this file directly.
$data merge entity $(bone2) {transformation: [-0.9982f,-0.0601f,-0.0056f,-0.1047f,-0.0604f,0.9939f,0.0928f,1.7313f,0f,0.0929f,-0.9957f,0.2174f,0f,0f,0f,1f],start_interpolation: 0,interpolation_duration: 1}
$data merge entity $(bone3) {transformation: [-0.9982f,-0.0601f,-0.0056f,-0.0935f,-0.0604f,0.9939f,0.0928f,1.5449f,0f,0.0929f,-0.9957f,0.2f,0f,0f,0f,1f],start_interpolation: 0,interpolation_duration: 1}
$data merge entity $(bone1) {transformation: [-0.9982f,-0.0601f,-0.0056f,-0.0942f,-0.0604f,0.9939f,0.0928f,1.557f,0f,0.0929f,-0.9957f,0.0704f,0f,0f,0f,1f],start_interpolation: 0,interpolation_duration: 1}
$data merge entity $(bone) {transformation: [-0.9982f,-0.0601f,-0.0056f,-0.0641f,-0.0604f,0.9939f,0.0928f,1.0596f,0f,0.0929f,-0.9957f,0.0291f,0f,0f,0f,1f],start_interpolation: 0,interpolation_duration: 1}
$data merge entity $(bone4) {transformation: [-0.9982f,-0.0602f,-0.004f,-0.0377f,-0.0604f,0.996f,0.0663f,0.6239f,0f,0.0664f,-0.9978f,0f,0f,0f,0f,1f],start_interpolation: 0,interpolation_duration: 1}
$data merge entity $(root) {transformation: [-0.9982f,-0.0604f,0f,0f,-0.0604f,0.9982f,0f,0f,0f,0f,-1f,0f,0f,0f,0f,1f],start_interpolation: 0,interpolation_duration: 1}
data modify storage animated_java:temp entry.data merge value {"cameras":{},"locators":{"entity_hitbox":{"px":0,"py":0,"pz":0,"ry":0,"rx":0},"locator":{"px":-0.0981603245,"py":1.6227723174,"pz":0.7094496377,"ry":359.677071787,"rx":5.3232050079}}}
# Data Manager: Write
function animated_java:global/data_manager/write with storage animated_java:temp args