# This file was generated by Animated Java via MC-Build. It is not recommended to edit this file directly.
$data merge entity $(bone2) {transformation: [-0.9978f,-0.0655f,-0.0071f,-0.1141f,-0.0659f,0.9921f,0.1071f,1.7276f,0f,0.1073f,-0.9942f,0.2316f,0f,0f,0f,1f],start_interpolation: 0,interpolation_duration: 1}
$data merge entity $(bone3) {transformation: [-0.9978f,-0.0655f,-0.0071f,-0.1018f,-0.0659f,0.9921f,0.1071f,1.5415f,0f,0.1073f,-0.9942f,0.2115f,0f,0f,0f,1f],start_interpolation: 0,interpolation_duration: 1}
$data merge entity $(bone1) {transformation: [-0.9978f,-0.0655f,-0.0071f,-0.1028f,-0.0659f,0.9921f,0.1071f,1.5555f,0f,0.1073f,-0.9942f,0.082f,0f,0f,0f,1f],start_interpolation: 0,interpolation_duration: 1}
$data merge entity $(bone) {transformation: [-0.9978f,-0.0655f,-0.0071f,-0.07f,-0.0659f,0.9921f,0.1071f,1.0589f,0f,0.1073f,-0.9942f,0.0336f,0f,0f,0f,1f],start_interpolation: 0,interpolation_duration: 1}
$data merge entity $(bone4) {transformation: [-0.9978f,-0.0657f,-0.0051f,-0.0412f,-0.0659f,0.9949f,0.0766f,0.6236f,0f,0.0767f,-0.9971f,0f,0f,0f,0f,1f],start_interpolation: 0,interpolation_duration: 1}
$data merge entity $(root) {transformation: [-0.9978f,-0.0659f,0f,0f,-0.0659f,0.9978f,0f,0f,0f,0f,-1f,0f,0f,0f,0f,1f],start_interpolation: 0,interpolation_duration: 1}
data modify storage animated_java:temp entry.data merge value {"cameras":{},"locators":{"entity_hitbox":{"px":0,"py":0,"pz":0,"ry":0,"rx":0},"locator":{"px":-0.1065051836,"py":1.6120215712,"pz":0.7220217002,"ry":359.5923332327,"rx":6.146547473}}}
# Data Manager: Write
function animated_java:global/data_manager/write with storage animated_java:temp args