# This file was generated by Animated Java via MC-Build. It is not recommended to edit this file directly.
$data merge entity $(bone2) {transformation: [-0.9975f,-0.0705f,-0.0087f,-0.1228f,-0.0711f,0.99f,0.1217f,1.7236f,0f,0.122f,-0.9925f,0.2462f,0f,0f,0f,1f],start_interpolation: 0,interpolation_duration: 1}
$data merge entity $(bone3) {transformation: [-0.9975f,-0.0705f,-0.0087f,-0.1096f,-0.0711f,0.99f,0.1217f,1.5379f,0f,0.122f,-0.9925f,0.2233f,0f,0f,0f,1f],start_interpolation: 0,interpolation_duration: 1}
$data merge entity $(bone1) {transformation: [-0.9975f,-0.0705f,-0.0087f,-0.1107f,-0.0711f,0.99f,0.1217f,1.5538f,0f,0.122f,-0.9925f,0.094f,0f,0f,0f,1f],start_interpolation: 0,interpolation_duration: 1}
$data merge entity $(bone) {transformation: [-0.9975f,-0.0705f,-0.0087f,-0.0754f,-0.0711f,0.99f,0.1217f,1.0581f,0f,0.122f,-0.9925f,0.0382f,0f,0f,0f,1f],start_interpolation: 0,interpolation_duration: 1}
$data merge entity $(bone4) {transformation: [-0.9975f,-0.0708f,-0.0062f,-0.0444f,-0.0711f,0.9937f,0.0871f,0.6234f,0f,0.0873f,-0.9962f,0f,0f,0f,0f,1f],start_interpolation: 0,interpolation_duration: 1}
$data merge entity $(root) {transformation: [-0.9975f,-0.0711f,0f,0f,-0.0711f,0.9975f,0f,0f,0f,0f,-1f,0f,0f,0f,0f,1f],start_interpolation: 0,interpolation_duration: 1}
data modify storage animated_java:temp entry.data merge value {"cameras":{},"locators":{"entity_hitbox":{"px":0,"py":0,"pz":0,"ry":0,"rx":0},"locator":{"px":-0.114037407,"py":1.6008204844,"pz":0.7347951502,"ry":359.4993776328,"rx":6.9925614422}}}
# Data Manager: Write
function animated_java:global/data_manager/write with storage animated_java:temp args