# This file was generated by Animated Java via MC-Build. It is not recommended to edit this file directly.
$data merge entity $(bone2) {transformation: [-0.9966f,-0.0819f,-0.0132f,-0.1424f,-0.083f,0.9839f,0.1582f,1.7104f,0f,0.1587f,-0.9873f,0.2905f,0f,0f,0f,1f],start_interpolation: 0,interpolation_duration: 1}
$data merge entity $(bone3) {transformation: [-0.9966f,-0.0817f,-0.0146f,-0.1271f,-0.083f,0.9811f,0.175f,1.5261f,0f,0.1756f,-0.9845f,0.2592f,0f,0f,0f,1f],start_interpolation: 0,interpolation_duration: 1}
$data merge entity $(bone1) {transformation: [-0.9966f,-0.0818f,-0.0139f,-0.1289f,-0.083f,0.9825f,0.1666f,1.5478f,0f,0.1672f,-0.9859f,0.1308f,0f,0f,0f,1f],start_interpolation: 0,interpolation_duration: 1}
$data merge entity $(bone) {transformation: [-0.9966f,-0.0818f,-0.0139f,-0.0879f,-0.083f,0.9825f,0.1666f,1.0557f,0f,0.1672f,-0.9859f,0.0524f,0f,0f,0f,1f],start_interpolation: 0,interpolation_duration: 1}
$data merge entity $(bone4) {transformation: [-0.9966f,-0.0824f,-0.0099f,-0.0519f,-0.083f,0.9894f,0.1193f,0.6228f,0f,0.1197f,-0.9928f,0f,0f,0f,0f,1f],start_interpolation: 0,interpolation_duration: 1}
$data merge entity $(root) {transformation: [-0.9966f,-0.083f,0f,0f,-0.083f,0.9966f,0f,0f,0f,0f,-1f,0f,0f,0f,0f,1f],start_interpolation: 0,interpolation_duration: 1}
data modify storage animated_java:temp entry.data merge value {"cameras":{},"locators":{"entity_hitbox":{"px":0,"py":0,"pz":0,"ry":0,"rx":0},"locator":{"px":-0.130371084,"py":1.565655441,"pz":0.7730530834,"ry":359.1938618579,"rx":9.5901978386}}}
# Data Manager: Write
function animated_java:global/data_manager/write with storage animated_java:temp args