# This file was generated by Animated Java via MC-Build. It is not recommended to edit this file directly.
$data merge entity $(bone2) {transformation: [-0.9963f,-0.0845f,-0.0129f,-0.1463f,-0.0855f,0.985f,0.1502f,1.7058f,0f,0.1507f,-0.9886f,0.3051f,0f,0f,0f,1f],start_interpolation: 0,interpolation_duration: 1}
$data merge entity $(bone3) {transformation: [-0.9963f,-0.0835f,-0.0182f,-0.1306f,-0.0855f,0.9734f,0.2124f,1.5221f,0f,0.2132f,-0.977f,0.271f,0f,0f,0f,1f],start_interpolation: 0,interpolation_duration: 1}
$data merge entity $(bone1) {transformation: [-0.9963f,-0.084f,-0.0156f,-0.1326f,-0.0855f,0.9797f,0.1814f,1.5457f,0f,0.1821f,-0.9833f,0.143f,0f,0f,0f,1f],start_interpolation: 0,interpolation_duration: 1}
$data merge entity $(bone) {transformation: [-0.9963f,-0.084f,-0.0156f,-0.0905f,-0.0855f,0.9797f,0.1814f,1.0549f,0f,0.1821f,-0.9833f,0.057f,0f,0f,0f,1f],start_interpolation: 0,interpolation_duration: 1}
$data merge entity $(bone4) {transformation: [-0.9963f,-0.0847f,-0.0111f,-0.0534f,-0.0855f,0.9878f,0.1299f,0.6227f,0f,0.1304f,-0.9915f,0f,0f,0f,0f,1f],start_interpolation: 0,interpolation_duration: 1}
$data merge entity $(root) {transformation: [-0.9963f,-0.0855f,0f,0f,-0.0855f,0.9963f,0f,0f,0f,0f,-1f,0f,0f,0f,0f,1f],start_interpolation: 0,interpolation_duration: 1}
data modify storage animated_java:temp entry.data merge value {"cameras":{},"locators":{"entity_hitbox":{"px":0,"py":0,"pz":0,"ry":0,"rx":0},"locator":{"px":-0.1333037724,"py":1.5538258279,"pz":0.7853900258,"ry":359.0933030681,"rx":10.4508070498}}}
# Data Manager: Write
function animated_java:global/data_manager/write with storage animated_java:temp args