# This file was generated by Animated Java via MC-Build. It is not recommended to edit this file directly.
$data merge entity $(bone2) {transformation: [-0.9962f,-0.0872f,-0.0092f,-0.1493f,-0.0877f,0.9907f,0.1042f,1.6966f,0f,0.1047f,-0.9945f,0.3332f,0f,0f,0f,1f],start_interpolation: 0,interpolation_duration: 1}
$data merge entity $(bone3) {transformation: [-0.9962f,-0.0832f,-0.0276f,-0.1332f,-0.0877f,0.9456f,0.3132f,1.514f,0f,0.3144f,-0.9493f,0.2937f,0f,0f,0f,1f],start_interpolation: 0,interpolation_duration: 1}
$data merge entity $(bone1) {transformation: [-0.9962f,-0.0857f,-0.0185f,-0.1356f,-0.0877f,0.9738f,0.21f,1.5414f,0f,0.2108f,-0.9775f,0.1664f,0f,0f,0f,1f],start_interpolation: 0,interpolation_duration: 1}
$data merge entity $(bone) {transformation: [-0.9962f,-0.0857f,-0.0185f,-0.0927f,-0.0877f,0.9738f,0.21f,1.0534f,0f,0.2108f,-0.9775f,0.0661f,0f,0f,0f,1f],start_interpolation: 0,interpolation_duration: 1}
$data merge entity $(bone4) {transformation: [-0.9962f,-0.0867f,-0.0132f,-0.0548f,-0.0877f,0.9847f,0.1505f,0.6226f,0f,0.1511f,-0.9885f,0f,0f,0f,0f,1f],start_interpolation: 0,interpolation_duration: 1}
$data merge entity $(root) {transformation: [-0.9962f,-0.0877f,0f,0f,-0.0877f,0.9962f,0f,0f,0f,0f,-1f,0f,0f,0f,0f,1f],start_interpolation: 0,interpolation_duration: 1}
data modify storage animated_java:temp entry.data merge value {"cameras":{},"locators":{"entity_hitbox":{"px":0,"py":0,"pz":0,"ry":0,"rx":0},"locator":{"px":-0.1347096858,"py":1.5307952746,"pz":0.8087940648,"ry":358.9172270071,"rx":12.1194855973}}}
# Data Manager: Write
function animated_java:global/data_manager/write with storage animated_java:temp args