# This file was generated by Animated Java via MC-Build. It is not recommended to edit this file directly.
$data merge entity $(bone2) {transformation: [-0.9962f,-0.0869f,-0.0064f,-0.1481f,-0.0872f,0.9935f,0.0732f,1.6923f,0f,0.0735f,-0.9973f,0.3464f,0f,0f,0f,1f],start_interpolation: 0,interpolation_duration: 1}
$data merge entity $(bone3) {transformation: [-0.9962f,-0.081f,-0.0322f,-0.1321f,-0.0872f,0.9255f,0.3685f,1.5102f,0f,0.37f,-0.929f,0.3044f,0f,0f,0f,1f],start_interpolation: 0,interpolation_duration: 1}
$data merge entity $(bone1) {transformation: [-0.9962f,-0.0849f,-0.0196f,-0.1347f,-0.0872f,0.9708f,0.2235f,1.5393f,0f,0.2243f,-0.9745f,0.1775f,0f,0f,0f,1f],start_interpolation: 0,interpolation_duration: 1}
$data merge entity $(bone) {transformation: [-0.9962f,-0.0849f,-0.0196f,-0.0921f,-0.0872f,0.9708f,0.2235f,1.0528f,0f,0.2243f,-0.9745f,0.0704f,0f,0f,0f,1f],start_interpolation: 0,interpolation_duration: 1}
$data merge entity $(bone4) {transformation: [-0.9962f,-0.086f,-0.014f,-0.0545f,-0.0872f,0.9832f,0.1603f,0.6226f,0f,0.1609f,-0.987f,0f,0f,0f,0f,1f],start_interpolation: 0,interpolation_duration: 1}
$data merge entity $(root) {transformation: [-0.9962f,-0.0872f,0f,0f,-0.0872f,0.9962f,0f,0f,0f,0f,-1f,0f,0f,0f,0f,1f],start_interpolation: 0,interpolation_duration: 1}
data modify storage animated_java:temp entry.data merge value {"cameras":{},"locators":{"entity_hitbox":{"px":0,"py":0,"pz":0,"ry":0,"rx":0},"locator":{"px":-0.1329709772,"py":1.5198652247,"pz":0.8196674232,"ry":358.8506773378,"rx":12.9127807723}}}
# Data Manager: Write
function animated_java:global/data_manager/write with storage animated_java:temp args