# This file was generated by Animated Java via MC-Build. It is not recommended to edit this file directly.
$data merge entity $(bone2) {transformation: [-0.9964f,-0.0853f,-0.0035f,-0.1446f,-0.0853f,0.9955f,0.0414f,1.6882f,0f,0.0415f,-0.9991f,0.359f,0f,0f,0f,1f],start_interpolation: 0,interpolation_duration: 1}
$data merge entity $(bone3) {transformation: [-0.9964f,-0.0773f,-0.0361f,-0.129f,-0.0853f,0.9026f,0.422f,1.5067f,0f,0.4236f,-0.9059f,0.3145f,0f,0f,0f,1f],start_interpolation: 0,interpolation_duration: 1}
$data merge entity $(bone1) {transformation: [-0.9964f,-0.0829f,-0.0202f,-0.1317f,-0.0853f,0.9679f,0.2363f,1.5375f,0f,0.2372f,-0.9715f,0.188f,0f,0f,0f,1f],start_interpolation: 0,interpolation_duration: 1}
$data merge entity $(bone) {transformation: [-0.9964f,-0.0829f,-0.0202f,-0.0901f,-0.0853f,0.9679f,0.2363f,1.0523f,0f,0.2372f,-0.9715f,0.0745f,0f,0f,0f,1f],start_interpolation: 0,interpolation_duration: 1}
$data merge entity $(bone4) {transformation: [-0.9964f,-0.0841f,-0.0145f,-0.0533f,-0.0853f,0.9818f,0.1696f,0.6227f,0f,0.1702f,-0.9854f,0f,0f,0f,0f,1f],start_interpolation: 0,interpolation_duration: 1}
$data merge entity $(root) {transformation: [-0.9964f,-0.0853f,0f,0f,-0.0853f,0.9964f,0f,0f,0f,0f,-1f,0f,0f,0f,0f,1f],start_interpolation: 0,interpolation_duration: 1}
data modify storage animated_java:temp entry.data merge value {"cameras":{},"locators":{"entity_hitbox":{"px":0,"py":0,"pz":0,"ry":0,"rx":0},"locator":{"px":-0.1292830104,"py":1.5095205452,"pz":0.8298689402,"ry":358.8065051753,"rx":13.6689830568}}}
# Data Manager: Write
function animated_java:global/data_manager/write with storage animated_java:temp args