# This file was generated by Animated Java via MC-Build. It is not recommended to edit this file directly.
$data merge entity $(bone2) {transformation: [-0.9966f,-0.0821f,-0.001f,-0.1388f,-0.0821f,0.9965f,0.0124f,1.6844f,0f,0.0124f,-0.9999f,0.3707f,0f,0f,0f,1f],start_interpolation: 0,interpolation_duration: 1}
$data merge entity $(bone3) {transformation: [-0.9966f,-0.0724f,-0.0387f,-0.1239f,-0.0821f,0.8787f,0.4702f,1.5034f,0f,0.4718f,-0.8817f,0.3239f,0f,0f,0f,1f],start_interpolation: 0,interpolation_duration: 1}
$data merge entity $(bone1) {transformation: [-0.9966f,-0.0795f,-0.0205f,-0.1266f,-0.0821f,0.9652f,0.2484f,1.5358f,0f,0.2492f,-0.9685f,0.1978f,0f,0f,0f,1f],start_interpolation: 0,interpolation_duration: 1}
$data merge entity $(bone) {transformation: [-0.9966f,-0.0795f,-0.0205f,-0.0867f,-0.0821f,0.9652f,0.2484f,1.0519f,0f,0.2492f,-0.9685f,0.0783f,0f,0f,0f,1f],start_interpolation: 0,interpolation_duration: 1}
$data merge entity $(bone4) {transformation: [-0.9966f,-0.0808f,-0.0147f,-0.0513f,-0.0821f,0.9805f,0.1783f,0.6229f,0f,0.1789f,-0.9839f,0f,0f,0f,0f,1f],start_interpolation: 0,interpolation_duration: 1}
$data merge entity $(root) {transformation: [-0.9966f,-0.0821f,0f,0f,-0.0821f,0.9966f,0f,0f,0f,0f,-1f,0f,0f,0f,0f,1f],start_interpolation: 0,interpolation_duration: 1}
data modify storage animated_java:temp entry.data merge value {"cameras":{},"locators":{"entity_hitbox":{"px":0,"py":0,"pz":0,"ry":0,"rx":0},"locator":{"px":-0.1236094646,"py":1.4998846784,"pz":0.8393156598,"ry":358.789240256,"rx":14.3805619895}}}
# Data Manager: Write
function animated_java:global/data_manager/write with storage animated_java:temp args