# This file was generated by Animated Java via MC-Build. It is not recommended to edit this file directly.
$data merge entity $(bone2) {transformation: [-0.997f,-0.0777f,0.0008f,-0.131f,-0.0777f,0.9969f,-0.0103f,1.681f,0f,-0.0104f,-0.9999f,0.3814f,0f,0f,0f,1f],start_interpolation: 0,interpolation_duration: 1}
$data merge entity $(bone3) {transformation: [-0.997f,-0.0668f,-0.0397f,-0.1169f,-0.0777f,0.8567f,0.51f,1.5005f,0f,0.5115f,-0.8593f,0.3326f,0f,0f,0f,1f],start_interpolation: 0,interpolation_duration: 1}
$data merge entity $(bone1) {transformation: [-0.997f,-0.075f,-0.0202f,-0.1196f,-0.0777f,0.9626f,0.2595f,1.5343f,0f,0.2603f,-0.9655f,0.2069f,0f,0f,0f,1f],start_interpolation: 0,interpolation_duration: 1}
$data merge entity $(bone) {transformation: [-0.997f,-0.075f,-0.0202f,-0.082f,-0.0777f,0.9626f,0.2595f,1.0516f,0f,0.2603f,-0.9655f,0.0818f,0f,0f,0f,1f],start_interpolation: 0,interpolation_duration: 1}
$data merge entity $(bone4) {transformation: [-0.997f,-0.0763f,-0.0145f,-0.0486f,-0.0777f,0.9794f,0.1864f,0.6231f,0f,0.187f,-0.9824f,0f,0f,0f,0f,1f],start_interpolation: 0,interpolation_duration: 1}
$data merge entity $(root) {transformation: [-0.997f,-0.0777f,0f,0f,-0.0777f,0.997f,0f,0f,0f,0f,-1f,0f,0f,0f,0f,1f],start_interpolation: 0,interpolation_duration: 1}
data modify storage animated_java:temp entry.data merge value {"cameras":{},"locators":{"entity_hitbox":{"px":0,"py":0,"pz":0,"ry":0,"rx":0},"locator":{"px":-0.1162150298,"py":1.4910512683,"pz":0.8479290574,"ry":358.8000150401,"rx":15.039600982}}}
# Data Manager: Write
function animated_java:global/data_manager/write with storage animated_java:temp args