# This file was generated by Animated Java via MC-Build. It is not recommended to edit this file directly.
$data merge entity $(bone2) {transformation: [-0.9974f,-0.0722f,0.0017f,-0.1215f,-0.0722f,0.9971f,-0.0232f,1.6779f,0f,-0.0232f,-0.9997f,0.3911f,0f,0f,0f,1f],start_interpolation: 0,interpolation_duration: 1}
$data merge entity $(bone3) {transformation: [-0.9974f,-0.0608f,-0.039f,-0.1084f,-0.0722f,0.8394f,0.5387f,1.4979f,0f,0.5401f,-0.8416f,0.3405f,0f,0f,0f,1f],start_interpolation: 0,interpolation_duration: 1}
$data merge entity $(bone1) {transformation: [-0.9974f,-0.0695f,-0.0195f,-0.111f,-0.0722f,0.9603f,0.2696f,1.533f,0f,0.2703f,-0.9628f,0.2151f,0f,0f,0f,1f],start_interpolation: 0,interpolation_duration: 1}
$data merge entity $(bone) {transformation: [-0.9974f,-0.0695f,-0.0195f,-0.0761f,-0.0722f,0.9603f,0.2696f,1.0514f,0f,0.2703f,-0.9628f,0.085f,0f,0f,0f,1f],start_interpolation: 0,interpolation_duration: 1}
$data merge entity $(bone4) {transformation: [-0.9974f,-0.0708f,-0.014f,-0.0451f,-0.0722f,0.9784f,0.1937f,0.6234f,0f,0.1942f,-0.981f,0f,0f,0f,0f,1f],start_interpolation: 0,interpolation_duration: 1}
$data merge entity $(root) {transformation: [-0.9974f,-0.0722f,0f,0f,-0.0722f,0.9974f,0f,0f,0f,0f,-1f,0f,0f,0f,0f,1f],start_interpolation: 0,interpolation_duration: 1}
data modify storage animated_java:temp entry.data merge value {"cameras":{},"locators":{"entity_hitbox":{"px":0,"py":0,"pz":0,"ry":0,"rx":0},"locator":{"px":-0.1073517041,"py":1.4831138549,"pz":0.8556341111,"ry":358.8390275568,"rx":15.6380363286}}}
# Data Manager: Write
function animated_java:global/data_manager/write with storage animated_java:temp args