# This file was generated by Animated Java via MC-Build. It is not recommended to edit this file directly.
$data merge entity $(bone2) {transformation: [-0.9978f,-0.0657f,0.0015f,-0.1104f,-0.0657f,0.9976f,-0.0226f,1.6753f,0f,-0.0226f,-0.9997f,0.3997f,0f,0f,0f,1f],start_interpolation: 0,interpolation_duration: 1}
$data merge entity $(bone3) {transformation: [-0.9978f,-0.0547f,-0.0365f,-0.0985f,-0.0657f,0.8301f,0.5537f,1.4956f,0f,0.5549f,-0.8319f,0.3473f,0f,0f,0f,1f],start_interpolation: 0,interpolation_duration: 1}
$data merge entity $(bone1) {transformation: [-0.9978f,-0.0631f,-0.0183f,-0.1009f,-0.0657f,0.9582f,0.2784f,1.5319f,0f,0.2791f,-0.9603f,0.2223f,0f,0f,0f,1f],start_interpolation: 0,interpolation_duration: 1}
$data merge entity $(bone) {transformation: [-0.9978f,-0.0631f,-0.0183f,-0.0693f,-0.0657f,0.9582f,0.2784f,1.0513f,0f,0.2791f,-0.9603f,0.0878f,0f,0f,0f,1f],start_interpolation: 0,interpolation_duration: 1}
$data merge entity $(bone4) {transformation: [-0.9978f,-0.0644f,-0.0132f,-0.0411f,-0.0657f,0.9775f,0.2002f,0.6236f,0f,0.2006f,-0.9797f,0f,0f,0f,0f,1f],start_interpolation: 0,interpolation_duration: 1}
$data merge entity $(root) {transformation: [-0.9978f,-0.0657f,0f,0f,-0.0657f,0.9978f,0f,0f,0f,0f,-1f,0f,0f,0f,0f,1f],start_interpolation: 0,interpolation_duration: 1}
data modify storage animated_java:temp entry.data merge value {"cameras":{},"locators":{"entity_hitbox":{"px":0,"py":0,"pz":0,"ry":0,"rx":0},"locator":{"px":-0.0972585034,"py":1.4761674686,"pz":0.8623581779,"ry":358.9055089054,"rx":16.1676859325}}}
# Data Manager: Write
function animated_java:global/data_manager/write with storage animated_java:temp args