# This file was generated by Animated Java via MC-Build. It is not recommended to edit this file directly.
$data merge entity $(bone2) {transformation: [-0.9987f,-0.0506f,0.0001f,-0.0847f,-0.0506f,0.9987f,-0.0025f,1.6714f,0f,-0.0025f,-1f,0.4127f,0f,0f,0f,1f],start_interpolation: 0,interpolation_duration: 1}
$data merge entity $(bone3) {transformation: [-0.9987f,-0.0419f,-0.0284f,-0.0756f,-0.0506f,0.8264f,0.5609f,1.4923f,0f,0.5616f,-0.8274f,0.3579f,0f,0f,0f,1f],start_interpolation: 0,interpolation_duration: 1}
$data merge entity $(bone1) {transformation: [-0.9987f,-0.0484f,-0.0148f,-0.0776f,-0.0506f,0.955f,0.2922f,1.5304f,0f,0.2925f,-0.9563f,0.2334f,0f,0f,0f,1f],start_interpolation: 0,interpolation_duration: 1}
$data merge entity $(bone) {transformation: [-0.9987f,-0.0484f,-0.0148f,-0.0533f,-0.0506f,0.955f,0.2922f,1.0514f,0f,0.2925f,-0.9563f,0.0921f,0f,0f,0f,1f],start_interpolation: 0,interpolation_duration: 1}
$data merge entity $(bone4) {transformation: [-0.9987f,-0.0495f,-0.0107f,-0.0316f,-0.0506f,0.9763f,0.2102f,0.6242f,0f,0.2105f,-0.9776f,0f,0f,0f,0f,1f],start_interpolation: 0,interpolation_duration: 1}
$data merge entity $(root) {transformation: [-0.9987f,-0.0506f,0f,0f,-0.0506f,0.9987f,0f,0f,0f,0f,-1f,0f,0f,0f,0f,1f],start_interpolation: 0,interpolation_duration: 1}
data modify storage animated_java:temp entry.data merge value {"cameras":{},"locators":{"entity_hitbox":{"px":0,"py":0,"pz":0,"ry":0,"rx":0},"locator":{"px":-0.0742742267,"py":1.465641125,"pz":0.8725765948,"ry":359.112942996,"rx":16.9875372909}}}
# Data Manager: Write
function animated_java:global/data_manager/write with storage animated_java:temp args