# This file was generated by Animated Java via MC-Build. It is not recommended to edit this file directly.
$data merge entity $(bone2) {transformation: [-0.9991f,-0.0422f,-0.0004f,-0.0706f,-0.0422f,0.9991f,0.0092f,1.6703f,0f,0.0092f,-1f,0.417f,0f,0f,0f,1f],start_interpolation: 0,interpolation_duration: 1}
$data merge entity $(bone3) {transformation: [-0.9991f,-0.035f,-0.0236f,-0.063f,-0.0422f,0.8281f,0.5591f,1.4914f,0f,0.5596f,-0.8288f,0.3614f,0f,0f,0f,1f],start_interpolation: 0,interpolation_duration: 1}
$data merge entity $(bone1) {transformation: [-0.9991f,-0.0403f,-0.0125f,-0.0647f,-0.0422f,0.954f,0.2967f,1.53f,0f,0.297f,-0.9549f,0.237f,0f,0f,0f,1f],start_interpolation: 0,interpolation_duration: 1}
$data merge entity $(bone) {transformation: [-0.9991f,-0.0403f,-0.0125f,-0.0444f,-0.0422f,0.954f,0.2967f,1.0515f,0f,0.297f,-0.9549f,0.0935f,0f,0f,0f,1f],start_interpolation: 0,interpolation_duration: 1}
$data merge entity $(bone4) {transformation: [-0.9991f,-0.0412f,-0.009f,-0.0264f,-0.0422f,0.976f,0.2135f,0.6244f,0f,0.2137f,-0.9769f,0f,0f,0f,0f,1f],start_interpolation: 0,interpolation_duration: 1}
$data merge entity $(root) {transformation: [-0.9991f,-0.0422f,0f,0f,-0.0422f,0.9991f,0f,0f,0f,0f,-1f,0f,0f,0f,0f,1f],start_interpolation: 0,interpolation_duration: 1}
data modify storage animated_java:temp entry.data merge value {"cameras":{},"locators":{"entity_hitbox":{"px":0,"py":0,"pz":0,"ry":0,"rx":0},"locator":{"px":-0.0617984178,"py":1.4622655906,"pz":0.8759247848,"ry":359.2475848055,"rx":17.2611445779}}}
# Data Manager: Write
function animated_java:global/data_manager/write with storage animated_java:temp args