# This file was generated by Animated Java via MC-Build. It is not recommended to edit this file directly.
$data merge entity $(bone2) {transformation: [-0.9994f,-0.0335f,-0.0007f,-0.0559f,-0.0335f,0.9992f,0.0216f,1.6697f,0f,0.0216f,-0.9998f,0.4197f,0f,0f,0f,1f],start_interpolation: 0,interpolation_duration: 1}
$data merge entity $(bone3) {transformation: [-0.9994f,-0.0279f,-0.0186f,-0.05f,-0.0335f,0.832f,0.5538f,1.4909f,0f,0.5541f,-0.8325f,0.3635f,0f,0f,0f,1f],start_interpolation: 0,interpolation_duration: 1}
$data merge entity $(bone1) {transformation: [-0.9994f,-0.0319f,-0.01f,-0.0513f,-0.0335f,0.9535f,0.2996f,1.5299f,0f,0.2998f,-0.954f,0.2393f,0f,0f,0f,1f],start_interpolation: 0,interpolation_duration: 1}
$data merge entity $(bone) {transformation: [-0.9994f,-0.0319f,-0.01f,-0.0352f,-0.0335f,0.9535f,0.2996f,1.0516f,0f,0.2998f,-0.954f,0.0944f,0f,0f,0f,1f],start_interpolation: 0,interpolation_duration: 1}
$data merge entity $(bone4) {transformation: [-0.9994f,-0.0327f,-0.0072f,-0.0209f,-0.0335f,0.9759f,0.2156f,0.6246f,0f,0.2157f,-0.9764f,0f,0f,0f,0f,1f],start_interpolation: 0,interpolation_duration: 1}
$data merge entity $(root) {transformation: [-0.9994f,-0.0335f,0f,0f,-0.0335f,0.9994f,0f,0f,0f,0f,-1f,0f,0f,0f,0f,1f],start_interpolation: 0,interpolation_duration: 1}
data modify storage animated_java:temp entry.data merge value {"cameras":{},"locators":{"entity_hitbox":{"px":0,"py":0,"pz":0,"ry":0,"rx":0},"locator":{"px":-0.0489251921,"py":1.4602896088,"pz":0.8779961341,"ry":359.397205618,"rx":17.432867763}}}
# Data Manager: Write
function animated_java:global/data_manager/write with storage animated_java:temp args