# This file was generated by Animated Java via MC-Build. It is not recommended to edit this file directly.
$data merge entity $(bone2) {transformation: [-0.9999f,-0.0155f,-0.0007f,-0.026f,-0.0155f,0.9988f,0.0467f,1.6704f,0f,0.0467f,-0.9989f,0.4197f,0f,0f,0f,1f],start_interpolation: 0,interpolation_duration: 1}
$data merge entity $(bone3) {transformation: [-0.9999f,-0.0131f,-0.0083f,-0.0232f,-0.0155f,0.846f,0.5329f,1.4916f,0f,0.533f,-0.8461f,0.3635f,0f,0f,0f,1f],start_interpolation: 0,interpolation_duration: 1}
$data merge entity $(bone1) {transformation: [-0.9999f,-0.0148f,-0.0047f,-0.0238f,-0.0155f,0.9539f,0.2997f,1.5306f,0f,0.2998f,-0.954f,0.2393f,0f,0f,0f,1f],start_interpolation: 0,interpolation_duration: 1}
$data merge entity $(bone) {transformation: [-0.9999f,-0.0148f,-0.0047f,-0.0164f,-0.0155f,0.9539f,0.2997f,1.0521f,0f,0.2998f,-0.954f,0.0944f,0f,0f,0f,1f],start_interpolation: 0,interpolation_duration: 1}
$data merge entity $(bone4) {transformation: [-0.9999f,-0.0152f,-0.0034f,-0.0097f,-0.0155f,0.9763f,0.2157f,0.6249f,0f,0.2157f,-0.9764f,0f,0f,0f,0f,1f],start_interpolation: 0,interpolation_duration: 1}
$data merge entity $(root) {transformation: [-0.9999f,-0.0155f,0f,0f,-0.0155f,0.9999f,0f,0f,0f,0f,-1f,0f,0f,0f,0f,1f],start_interpolation: 0,interpolation_duration: 1}
data modify storage animated_java:temp entry.data merge value {"cameras":{},"locators":{"entity_hitbox":{"px":0,"py":0,"pz":0,"ry":0,"rx":0},"locator":{"px":-0.0227070739,"py":1.4609325121,"pz":0.8779961341,"ry":359.7202240353,"rx":17.4407888302}}}
# Data Manager: Write
function animated_java:global/data_manager/write with storage animated_java:temp args