# This file was generated by Animated Java via MC-Build. It is not recommended to edit this file directly.
$data merge entity $(bone2) {transformation: [-1f,-0.0066f,-0.0004f,-0.0111f,-0.0066f,0.9982f,0.0589f,1.6717f,0f,0.0589f,-0.9983f,0.417f,0f,0f,0f,1f],start_interpolation: 0,interpolation_duration: 1}
$data merge entity $(bone3) {transformation: [-1f,-0.0057f,-0.0034f,-0.0099f,-0.0066f,0.8555f,0.5177f,1.4927f,0f,0.5177f,-0.8556f,0.3614f,0f,0f,0f,1f],start_interpolation: 0,interpolation_duration: 1}
$data merge entity $(bone1) {transformation: [-1f,-0.0063f,-0.002f,-0.0102f,-0.0066f,0.9549f,0.297f,1.5313f,0f,0.297f,-0.9549f,0.237f,0f,0f,0f,1f],start_interpolation: 0,interpolation_duration: 1}
$data merge entity $(bone) {transformation: [-1f,-0.0063f,-0.002f,-0.007f,-0.0066f,0.9549f,0.297f,1.0524f,0f,0.297f,-0.9549f,0.0935f,0f,0f,0f,1f],start_interpolation: 0,interpolation_duration: 1}
$data merge entity $(bone4) {transformation: [-1f,-0.0065f,-0.0014f,-0.0041f,-0.0066f,0.9769f,0.2137f,0.625f,0f,0.2137f,-0.9769f,0f,0f,0f,0f,1f],start_interpolation: 0,interpolation_duration: 1}
$data merge entity $(root) {transformation: [-1f,-0.0066f,0f,0f,-0.0066f,1f,0f,0f,0f,0f,-1f,0f,0f,0f,0f,1f],start_interpolation: 0,interpolation_duration: 1}
data modify storage animated_java:temp entry.data merge value {"cameras":{},"locators":{"entity_hitbox":{"px":0,"py":0,"pz":0,"ry":0,"rx":0},"locator":{"px":-0.0097066985,"py":1.4635386848,"pz":0.8759247848,"ry":359.8818112637,"rx":17.2766451068}}}
# Data Manager: Write
function animated_java:global/data_manager/write with storage animated_java:temp args