# This file was generated by Animated Java via MC-Build. It is not recommended to edit this file directly.
$data merge entity $(bone2) {transformation: [-1f,0.002f,0.0001f,0.0034f,0.002f,0.9975f,0.0706f,1.6736f,0f,0.0706f,-0.9975f,0.4127f,0f,0f,0f,1f],start_interpolation: 0,interpolation_duration: 1}
$data merge entity $(bone3) {transformation: [-1f,0.0018f,0.001f,0.003f,0.002f,0.8663f,0.4996f,1.4943f,0f,0.4996f,-0.8663f,0.3579f,0f,0f,0f,1f],start_interpolation: 0,interpolation_duration: 1}
$data merge entity $(bone1) {transformation: [-1f,0.0019f,0.0006f,0.0031f,0.002f,0.9563f,0.2925f,1.5323f,0f,0.2925f,-0.9563f,0.2334f,0f,0f,0f,1f],start_interpolation: 0,interpolation_duration: 1}
$data merge entity $(bone) {transformation: [-1f,0.0019f,0.0006f,0.0021f,0.002f,0.9563f,0.2925f,1.0527f,0f,0.2925f,-0.9563f,0.0921f,0f,0f,0f,1f],start_interpolation: 0,interpolation_duration: 1}
$data merge entity $(bone4) {transformation: [-1f,0.002f,0.0004f,0.0013f,0.002f,0.9776f,0.2105f,0.625f,0f,0.2105f,-0.9776f,0f,0f,0f,0f,1f],start_interpolation: 0,interpolation_duration: 1}
$data merge entity $(root) {transformation: [-1f,0.002f,0f,0f,0.002f,1f,0f,0f,0f,0f,-1f,0f,0f,0f,0f,1f],start_interpolation: 0,interpolation_duration: 1}
data modify storage animated_java:temp entry.data merge value {"cameras":{},"locators":{"entity_hitbox":{"px":0,"py":0,"pz":0,"ry":0,"rx":0},"locator":{"px":0.0029895257,"py":1.467518869,"pz":0.8725765948,"ry":0.0357067502,"rx":17.0099636304}}}
# Data Manager: Write
function animated_java:global/data_manager/write with storage animated_java:temp args