# This file was generated by Animated Java via MC-Build. It is not recommended to edit this file directly.
$data merge entity $(bone2) {transformation: [-0.9999f,0.0103f,0.0008f,0.0173f,0.0103f,0.9966f,0.0817f,1.6759f,0f,0.0817f,-0.9967f,0.4069f,0f,0f,0f,1f],start_interpolation: 0,interpolation_duration: 1}
$data merge entity $(bone3) {transformation: [-0.9999f,0.0091f,0.0049f,0.0154f,0.0103f,0.8778f,0.4789f,1.4963f,0f,0.4789f,-0.8779f,0.3532f,0f,0f,0f,1f],start_interpolation: 0,interpolation_duration: 1}
$data merge entity $(bone1) {transformation: [-0.9999f,0.0099f,0.003f,0.0158f,0.0103f,0.958f,0.2865f,1.5336f,0f,0.2865f,-0.9581f,0.2284f,0f,0f,0f,1f],start_interpolation: 0,interpolation_duration: 1}
$data merge entity $(bone) {transformation: [-0.9999f,0.0099f,0.003f,0.0109f,0.0103f,0.958f,0.2865f,1.0531f,0f,0.2865f,-0.9581f,0.0902f,0f,0f,0f,1f],start_interpolation: 0,interpolation_duration: 1}
$data merge entity $(bone4) {transformation: [-0.9999f,0.0101f,0.0021f,0.0064f,0.0103f,0.9785f,0.2061f,0.625f,0f,0.2061f,-0.9785f,0f,0f,0f,0f,1f],start_interpolation: 0,interpolation_duration: 1}
$data merge entity $(root) {transformation: [-0.9999f,0.0103f,0f,0f,0.0103f,0.9999f,0f,0f,0f,0f,-1f,0f,0f,0f,0f,1f],start_interpolation: 0,interpolation_duration: 1}
data modify storage animated_java:temp entry.data merge value {"cameras":{},"locators":{"entity_hitbox":{"px":0,"py":0,"pz":0,"ry":0,"rx":0},"locator":{"px":0.0151982663,"py":1.4727536675,"pz":0.8680296788,"ry":0.1768133807,"rx":16.6487173293}}}
# Data Manager: Write
function animated_java:global/data_manager/write with storage animated_java:temp args