# This file was generated by Animated Java via MC-Build. It is not recommended to edit this file directly.
$data merge entity $(bone2) {transformation: [-0.9998f,0.018f,0.0017f,0.0303f,0.0181f,0.9956f,0.0921f,1.6786f,0f,0.0921f,-0.9957f,0.3997f,0f,0f,0f,1f],start_interpolation: 0,interpolation_duration: 1}
$data merge entity $(bone3) {transformation: [-0.9998f,0.0161f,0.0082f,0.0271f,0.0181f,0.8899f,0.4558f,1.4986f,0f,0.4559f,-0.89f,0.3473f,0f,0f,0f,1f],start_interpolation: 0,interpolation_duration: 1}
$data merge entity $(bone1) {transformation: [-0.9998f,0.0173f,0.005f,0.0277f,0.0181f,0.9601f,0.279f,1.5349f,0f,0.2791f,-0.9603f,0.2223f,0f,0f,0f,1f],start_interpolation: 0,interpolation_duration: 1}
$data merge entity $(bone) {transformation: [-0.9998f,0.0173f,0.005f,0.019f,0.0181f,0.9601f,0.279f,1.0534f,0f,0.2791f,-0.9603f,0.0878f,0f,0f,0f,1f],start_interpolation: 0,interpolation_duration: 1}
$data merge entity $(bone4) {transformation: [-0.9998f,0.0177f,0.0036f,0.0113f,0.0181f,0.9795f,0.2006f,0.6249f,0f,0.2006f,-0.9797f,0f,0f,0f,0f,1f],start_interpolation: 0,interpolation_duration: 1}
$data merge entity $(root) {transformation: [-0.9998f,0.0181f,0f,0f,0.0181f,0.9998f,0f,0f,0f,0f,-1f,0f,0f,0f,0f,1f],start_interpolation: 0,interpolation_duration: 1}
data modify storage animated_java:temp entry.data merge value {"cameras":{},"locators":{"entity_hitbox":{"px":0,"py":0,"pz":0,"ry":0,"rx":0},"locator":{"px":0.0267261169,"py":1.4791265418,"pz":0.8623581779,"ry":0.3007941272,"rx":16.2009864171}}}
# Data Manager: Write
function animated_java:global/data_manager/write with storage animated_java:temp args