# This file was generated by Animated Java via MC-Build. It is not recommended to edit this file directly.
$data merge entity $(bone2) {transformation: [-0.9995f,0.0312f,0.0035f,0.0529f,0.0314f,0.9934f,0.1103f,1.6852f,0f,0.1104f,-0.9939f,0.3814f,0f,0f,0f,1f],start_interpolation: 0,interpolation_duration: 1}
$data merge entity $(bone3) {transformation: [-0.9995f,0.0287f,0.0127f,0.0472f,0.0314f,0.9143f,0.4039f,1.5043f,0f,0.4041f,-0.9147f,0.3326f,0f,0f,0f,1f],start_interpolation: 0,interpolation_duration: 1}
$data merge entity $(bone1) {transformation: [-0.9995f,0.0303f,0.0082f,0.0483f,0.0314f,0.9651f,0.2601f,1.5382f,0f,0.2603f,-0.9655f,0.2069f,0f,0f,0f,1f],start_interpolation: 0,interpolation_duration: 1}
$data merge entity $(bone) {transformation: [-0.9995f,0.0303f,0.0082f,0.0331f,0.0314f,0.9651f,0.2601f,1.0543f,0f,0.2603f,-0.9655f,0.0818f,0f,0f,0f,1f],start_interpolation: 0,interpolation_duration: 1}
$data merge entity $(bone4) {transformation: [-0.9995f,0.0308f,0.0059f,0.0196f,0.0314f,0.9819f,0.1869f,0.6247f,0f,0.187f,-0.9824f,0f,0f,0f,0f,1f],start_interpolation: 0,interpolation_duration: 1}
$data merge entity $(root) {transformation: [-0.9995f,0.0314f,0f,0f,0.0314f,0.9995f,0f,0f,0f,0f,-1f,0f,0f,0f,0f,1f],start_interpolation: 0,interpolation_duration: 1}
data modify storage animated_java:temp entry.data merge value {"cameras":{},"locators":{"entity_hitbox":{"px":0,"py":0,"pz":0,"ry":0,"rx":0},"locator":{"px":0.0469077949,"py":1.4948376088,"pz":0.8479290574,"ry":0.4844084167,"rx":15.078697787}}}
# Data Manager: Write
function animated_java:global/data_manager/write with storage animated_java:temp args