# This file was generated by Animated Java via MC-Build. It is not recommended to edit this file directly.
$data merge entity $(bone2) {transformation: [-0.9993f,0.0364f,0.0043f,0.0619f,0.0366f,0.9924f,0.1178f,1.689f,0f,0.1179f,-0.993f,0.3707f,0f,0f,0f,1f],start_interpolation: 0,interpolation_duration: 1}
$data merge entity $(bone3) {transformation: [-0.9993f,0.0339f,0.0138f,0.0552f,0.0366f,0.926f,0.3758f,1.5075f,0f,0.376f,-0.9266f,0.3239f,0f,0f,0f,1f],start_interpolation: 0,interpolation_duration: 1}
$data merge entity $(bone1) {transformation: [-0.9993f,0.0355f,0.0091f,0.0564f,0.0366f,0.9678f,0.249f,1.5399f,0f,0.2492f,-0.9685f,0.1978f,0f,0f,0f,1f],start_interpolation: 0,interpolation_duration: 1}
$data merge entity $(bone) {transformation: [-0.9993f,0.0355f,0.0091f,0.0387f,0.0366f,0.9678f,0.249f,1.0547f,0f,0.2492f,-0.9685f,0.0783f,0f,0f,0f,1f],start_interpolation: 0,interpolation_duration: 1}
$data merge entity $(bone4) {transformation: [-0.9993f,0.036f,0.0066f,0.0229f,0.0366f,0.9832f,0.1788f,0.6246f,0f,0.1789f,-0.9839f,0f,0f,0f,0f,1f],start_interpolation: 0,interpolation_duration: 1}
$data merge entity $(root) {transformation: [-0.9993f,0.0366f,0f,0f,0.0366f,0.9993f,0f,0f,0f,0f,-1f,0f,0f,0f,0f,1f],start_interpolation: 0,interpolation_duration: 1}
data modify storage animated_java:temp entry.data merge value {"cameras":{},"locators":{"entity_hitbox":{"px":0,"py":0,"pz":0,"ry":0,"rx":0},"locator":{"px":0.0551148545,"py":1.5039600065,"pz":0.8393156598,"ry":0.5399166362,"rx":14.4204805918}}}
# Data Manager: Write
function animated_java:global/data_manager/write with storage animated_java:temp args