# This file was generated by Animated Java via MC-Build. It is not recommended to edit this file directly.
$data merge entity $(bone2) {transformation: [-0.9992f,0.0404f,0.0051f,0.0691f,0.0408f,0.9914f,0.1241f,1.6929f,0f,0.1242f,-0.9923f,0.359f,0f,0f,0f,1f],start_interpolation: 0,interpolation_duration: 1}
$data merge entity $(bone3) {transformation: [-0.9992f,0.0382f,0.0141f,0.0616f,0.0408f,0.9371f,0.3467f,1.5109f,0f,0.347f,-0.9379f,0.3145f,0f,0f,0f,1f],start_interpolation: 0,interpolation_duration: 1}
$data merge entity $(bone1) {transformation: [-0.9992f,0.0396f,0.0097f,0.0629f,0.0408f,0.9707f,0.237f,1.5418f,0f,0.2372f,-0.9715f,0.188f,0f,0f,0f,1f],start_interpolation: 0,interpolation_duration: 1}
$data merge entity $(bone) {transformation: [-0.9992f,0.0396f,0.0097f,0.043f,0.0408f,0.9707f,0.237f,1.0552f,0f,0.2372f,-0.9715f,0.0745f,0f,0f,0f,1f],start_interpolation: 0,interpolation_duration: 1}
$data merge entity $(bone4) {transformation: [-0.9992f,0.0402f,0.0069f,0.0255f,0.0408f,0.9846f,0.1701f,0.6245f,0f,0.1702f,-0.9854f,0f,0f,0f,0f,1f],start_interpolation: 0,interpolation_duration: 1}
$data merge entity $(root) {transformation: [-0.9992f,0.0408f,0f,0f,0.0408f,0.9992f,0f,0f,0f,0f,-1f,0f,0f,0f,0f,1f],start_interpolation: 0,interpolation_duration: 1}
data modify storage animated_java:temp entry.data merge value {"cameras":{},"locators":{"entity_hitbox":{"px":0,"py":0,"pz":0,"ry":0,"rx":0},"locator":{"px":0.0617469116,"py":1.5137878623,"pz":0.8298689402,"ry":0.5700891985,"rx":13.7083778604}}}
# Data Manager: Write
function animated_java:global/data_manager/write with storage animated_java:temp args