# This file was generated by Animated Java via MC-Build. It is not recommended to edit this file directly.
$data merge entity $(bone2) {transformation: [-0.9989f,0.0461f,0.0063f,0.0794f,0.0465f,0.9898f,0.1346f,1.7058f,0f,0.1347f,-0.9909f,0.3194f,0f,0f,0f,1f],start_interpolation: 0,interpolation_duration: 1}
$data merge entity $(bone3) {transformation: [-0.9989f,0.0449f,0.012f,0.0709f,0.0465f,0.9652f,0.2575f,1.5221f,0f,0.2578f,-0.9662f,0.2825f,0f,0f,0f,1f],start_interpolation: 0,interpolation_duration: 1}
$data merge entity $(bone1) {transformation: [-0.9989f,0.0456f,0.0091f,0.0721f,0.0465f,0.9794f,0.1964f,1.5477f,0f,0.1966f,-0.9805f,0.1549f,0f,0f,0f,1f],start_interpolation: 0,interpolation_duration: 1}
$data merge entity $(bone) {transformation: [-0.9989f,0.0456f,0.0091f,0.0492f,0.0465f,0.9794f,0.1964f,1.057f,0f,0.1966f,-0.9805f,0.0616f,0f,0f,0f,1f],start_interpolation: 0,interpolation_duration: 1}
$data merge entity $(bone4) {transformation: [-0.9989f,0.0461f,0.0066f,0.0291f,0.0465f,0.989f,0.1407f,0.6243f,0f,0.1409f,-0.99f,0f,0f,0f,0f,1f],start_interpolation: 0,interpolation_duration: 1}
$data merge entity $(root) {transformation: [-0.9989f,0.0465f,0f,0f,0.0465f,0.9989f,0f,0f,0f,0f,-1f,0f,0f,0f,0f,1f],start_interpolation: 0,interpolation_duration: 1}
data modify storage animated_java:temp entry.data merge value {"cameras":{},"locators":{"entity_hitbox":{"px":0,"py":0,"pz":0,"ry":0,"rx":0},"locator":{"px":0.072011784,"py":1.5463638498,"pz":0.7973369877,"ry":0.5344968401,"rx":11.3275613023}}}
# Data Manager: Write
function animated_java:global/data_manager/write with storage animated_java:temp args