# This file was generated by Animated Java via MC-Build. It is not recommended to edit this file directly.
$data merge entity $(bone2) {transformation: [-0.9989f,0.0465f,0.0063f,0.0804f,0.0469f,0.9898f,0.1348f,1.7101f,0f,0.1349f,-0.9909f,0.3051f,0f,0f,0f,1f],start_interpolation: 0,interpolation_duration: 1}
$data merge entity $(bone3) {transformation: [-0.9989f,0.0457f,0.0107f,0.0717f,0.0469f,0.9724f,0.2285f,1.526f,0f,0.2288f,-0.9735f,0.271f,0f,0f,0f,1f],start_interpolation: 0,interpolation_duration: 1}
$data merge entity $(bone1) {transformation: [-0.9989f,0.0462f,0.0085f,0.0728f,0.0469f,0.9822f,0.1819f,1.5496f,0f,0.1821f,-0.9833f,0.143f,0f,0f,0f,1f],start_interpolation: 0,interpolation_duration: 1}
$data merge entity $(bone) {transformation: [-0.9989f,0.0462f,0.0085f,0.0497f,0.0469f,0.9822f,0.1819f,1.0576f,0f,0.1821f,-0.9833f,0.057f,0f,0f,0f,1f],start_interpolation: 0,interpolation_duration: 1}
$data merge entity $(bone4) {transformation: [-0.9989f,0.0465f,0.0061f,0.0293f,0.0469f,0.9904f,0.1303f,0.6243f,0f,0.1304f,-0.9915f,0f,0f,0f,0f,1f],start_interpolation: 0,interpolation_duration: 1}
$data merge entity $(root) {transformation: [-0.9989f,0.0469f,0f,0f,0.0469f,0.9989f,0f,0f,0f,0f,-1f,0f,0f,0f,0f,1f],start_interpolation: 0,interpolation_duration: 1}
data modify storage animated_java:temp entry.data merge value {"cameras":{},"locators":{"entity_hitbox":{"px":0,"py":0,"pz":0,"ry":0,"rx":0},"locator":{"px":0.0732134384,"py":1.5578139785,"pz":0.7853900258,"ry":0.4980074363,"rx":10.4779334466}}}
# Data Manager: Write
function animated_java:global/data_manager/write with storage animated_java:temp args