# This file was generated by Animated Java via MC-Build. It is not recommended to edit this file directly.
$data merge entity $(bone2) {transformation: [-0.9989f,0.0463f,0.0062f,0.0802f,0.0468f,0.99f,0.1332f,1.7144f,0f,0.1333f,-0.9911f,0.2905f,0f,0f,0f,1f],start_interpolation: 0,interpolation_duration: 1}
$data merge entity $(bone3) {transformation: [-0.9989f,0.0458f,0.0094f,0.0716f,0.0468f,0.9786f,0.2006f,1.5297f,0f,0.2008f,-0.9796f,0.2592f,0f,0f,0f,1f],start_interpolation: 0,interpolation_duration: 1}
$data merge entity $(bone1) {transformation: [-0.9989f,0.0461f,0.0078f,0.0726f,0.0468f,0.9848f,0.167f,1.5515f,0f,0.1672f,-0.9859f,0.1308f,0f,0f,0f,1f],start_interpolation: 0,interpolation_duration: 1}
$data merge entity $(bone) {transformation: [-0.9989f,0.0461f,0.0078f,0.0495f,0.0468f,0.9848f,0.167f,1.0582f,0f,0.1672f,-0.9859f,0.0524f,0f,0f,0f,1f],start_interpolation: 0,interpolation_duration: 1}
$data merge entity $(bone4) {transformation: [-0.9989f,0.0464f,0.0056f,0.0292f,0.0468f,0.9917f,0.1196f,0.6243f,0f,0.1197f,-0.9928f,0f,0f,0f,0f,1f],start_interpolation: 0,interpolation_duration: 1}
$data merge entity $(root) {transformation: [-0.9989f,0.0468f,0f,0f,0.0468f,0.9989f,0f,0f,0f,0f,-1f,0f,0f,0f,0f,1f],start_interpolation: 0,interpolation_duration: 1}
data modify storage animated_java:temp entry.data merge value {"cameras":{},"locators":{"entity_hitbox":{"px":0,"py":0,"pz":0,"ry":0,"rx":0},"locator":{"px":0.0734599169,"py":1.5693556703,"pz":0.7730530834,"ry":0.4542533992,"rx":9.6130778993}}}
# Data Manager: Write
function animated_java:global/data_manager/write with storage animated_java:temp args