# This file was generated by Animated Java via MC-Build. It is not recommended to edit this file directly.
$data merge entity $(bone2) {transformation: [-0.9989f,0.0456f,0.006f,0.0791f,0.046f,0.9905f,0.1296f,1.7186f,0f,0.1297f,-0.9916f,0.2758f,0f,0f,0f,1f],start_interpolation: 0,interpolation_duration: 1}
$data merge entity $(bone3) {transformation: [-0.9989f,0.0453f,0.008f,0.0706f,0.046f,0.9836f,0.1743f,1.5334f,0f,0.1744f,-0.9847f,0.2472f,0f,0f,0f,1f],start_interpolation: 0,interpolation_duration: 1}
$data merge entity $(bone1) {transformation: [-0.9989f,0.0455f,0.007f,0.0715f,0.046f,0.9873f,0.152f,1.5532f,0f,0.1521f,-0.9884f,0.1185f,0f,0f,0f,1f],start_interpolation: 0,interpolation_duration: 1}
$data merge entity $(bone) {transformation: [-0.9989f,0.0455f,0.007f,0.0488f,0.046f,0.9873f,0.152f,1.0588f,0f,0.1521f,-0.9884f,0.0476f,0f,0f,0f,1f],start_interpolation: 0,interpolation_duration: 1}
$data merge entity $(bone4) {transformation: [-0.9989f,0.0457f,0.005f,0.0288f,0.046f,0.993f,0.1088f,0.6243f,0f,0.1089f,-0.9941f,0f,0f,0f,0f,1f],start_interpolation: 0,interpolation_duration: 1}
$data merge entity $(root) {transformation: [-0.9989f,0.046f,0f,0f,0.046f,0.9989f,0f,0f,0f,0f,-1f,0f,0f,0f,0f,1f],start_interpolation: 0,interpolation_duration: 1}
data modify storage animated_java:temp entry.data merge value {"cameras":{},"locators":{"entity_hitbox":{"px":0,"py":0,"pz":0,"ry":0,"rx":0},"locator":{"px":0.0728022658,"py":1.5808730208,"pz":0.7604323182,"ry":0.4056798231,"rx":8.7406637375}}}
# Data Manager: Write
function animated_java:global/data_manager/write with storage animated_java:temp args