# This file was generated by Animated Java via MC-Build. It is not recommended to edit this file directly.
$data merge entity $(bone2) {transformation: [-0.999f,0.0444f,0.0055f,0.0771f,0.0447f,0.9913f,0.1239f,1.7226f,0f,0.124f,-0.9923f,0.2609f,0f,0f,0f,1f],start_interpolation: 0,interpolation_duration: 1}
$data merge entity $(bone3) {transformation: [-0.999f,0.0442f,0.0067f,0.0688f,0.0447f,0.9877f,0.1499f,1.537f,0f,0.15f,-0.9887f,0.2352f,0f,0f,0f,1f],start_interpolation: 0,interpolation_duration: 1}
$data merge entity $(bone1) {transformation: [-0.999f,0.0443f,0.0061f,0.0696f,0.0447f,0.9896f,0.1369f,1.5548f,0f,0.137f,-0.9906f,0.1062f,0f,0f,0f,1f],start_interpolation: 0,interpolation_duration: 1}
$data merge entity $(bone) {transformation: [-0.999f,0.0443f,0.0061f,0.0474f,0.0447f,0.9896f,0.1369f,1.0593f,0f,0.137f,-0.9906f,0.0429f,0f,0f,0f,1f],start_interpolation: 0,interpolation_duration: 1}
$data merge entity $(bone4) {transformation: [-0.999f,0.0445f,0.0044f,0.028f,0.0447f,0.9942f,0.0979f,0.6244f,0f,0.098f,-0.9952f,0f,0f,0f,0f,1f],start_interpolation: 0,interpolation_duration: 1}
$data merge entity $(root) {transformation: [-0.999f,0.0447f,0f,0f,0.0447f,0.999f,0f,0f,0f,0f,-1f,0f,0f,0f,0f,1f],start_interpolation: 0,interpolation_duration: 1}
data modify storage animated_java:temp entry.data merge value {"cameras":{},"locators":{"entity_hitbox":{"px":0,"py":0,"pz":0,"ry":0,"rx":0},"locator":{"px":0.0712944136,"py":1.5922544727,"pz":0.7476401558,"ry":0.354545841,"rx":7.8683627146}}}
# Data Manager: Write
function animated_java:global/data_manager/write with storage animated_java:temp args