# This file was generated by Animated Java via MC-Build. It is not recommended to edit this file directly.
$data merge entity $(bone2) {transformation: [-0.9991f,0.0427f,0.005f,0.0743f,0.043f,0.9923f,0.116f,1.7263f,0f,0.1161f,-0.9932f,0.2462f,0f,0f,0f,1f],start_interpolation: 0,interpolation_duration: 1}
$data merge entity $(bone3) {transformation: [-0.9991f,0.0426f,0.0055f,0.0663f,0.043f,0.9909f,0.1279f,1.5404f,0f,0.128f,-0.9918f,0.2233f,0f,0f,0f,1f],start_interpolation: 0,interpolation_duration: 1}
$data merge entity $(bone1) {transformation: [-0.9991f,0.0427f,0.0052f,0.067f,0.043f,0.9916f,0.1219f,1.5563f,0f,0.122f,-0.9925f,0.094f,0f,0f,0f,1f],start_interpolation: 0,interpolation_duration: 1}
$data merge entity $(bone) {transformation: [-0.9991f,0.0427f,0.0052f,0.0456f,0.043f,0.9916f,0.1219f,1.0598f,0f,0.122f,-0.9925f,0.0382f,0f,0f,0f,1f],start_interpolation: 0,interpolation_duration: 1}
$data merge entity $(bone4) {transformation: [-0.9991f,0.0428f,0.0038f,0.0269f,0.043f,0.9953f,0.0872f,0.6244f,0f,0.0873f,-0.9962f,0f,0f,0f,0f,1f],start_interpolation: 0,interpolation_duration: 1}
$data merge entity $(root) {transformation: [-0.9991f,0.043f,0f,0f,0.043f,0.9991f,0f,0f,0f,0f,-1f,0f,0f,0f,0f,1f],start_interpolation: 0,interpolation_duration: 1}
data modify storage animated_java:temp entry.data merge value {"cameras":{},"locators":{"entity_hitbox":{"px":0,"py":0,"pz":0,"ry":0,"rx":0},"locator":{"px":0.0689937076,"py":1.6033934707,"pz":0.7347951502,"ry":0.3028861442,"rx":7.0038568031}}}
# Data Manager: Write
function animated_java:global/data_manager/write with storage animated_java:temp args