# This file was generated by Animated Java via MC-Build. It is not recommended to edit this file directly.
$data merge entity $(bone2) {transformation: [-0.9992f,0.0406f,0.0043f,0.0707f,0.0408f,0.9936f,0.1057f,1.7299f,0f,0.1058f,-0.9944f,0.2316f,0f,0f,0f,1f],start_interpolation: 0,interpolation_duration: 1}
$data merge entity $(bone3) {transformation: [-0.9992f,0.0406f,0.0044f,0.0631f,0.0408f,0.9932f,0.1088f,1.5436f,0f,0.1088f,-0.9941f,0.2115f,0f,0f,0f,1f],start_interpolation: 0,interpolation_duration: 1}
$data merge entity $(bone1) {transformation: [-0.9992f,0.0406f,0.0044f,0.0636f,0.0408f,0.9934f,0.1072f,1.5576f,0f,0.1073f,-0.9942f,0.082f,0f,0f,0f,1f],start_interpolation: 0,interpolation_duration: 1}
$data merge entity $(bone) {transformation: [-0.9992f,0.0406f,0.0044f,0.0433f,0.0408f,0.9934f,0.1072f,1.0603f,0f,0.1073f,-0.9942f,0.0336f,0f,0f,0f,1f],start_interpolation: 0,interpolation_duration: 1}
$data merge entity $(bone4) {transformation: [-0.9992f,0.0407f,0.0031f,0.0255f,0.0408f,0.9962f,0.0767f,0.6245f,0f,0.0767f,-0.9971f,0f,0f,0f,0f,1f],start_interpolation: 0,interpolation_duration: 1}
$data merge entity $(root) {transformation: [-0.9992f,0.0408f,0f,0f,0.0408f,0.9992f,0f,0f,0f,0f,-1f,0f,0f,0f,0f,1f],start_interpolation: 0,interpolation_duration: 1}
data modify storage animated_java:temp entry.data merge value {"cameras":{},"locators":{"entity_hitbox":{"px":0,"py":0,"pz":0,"ry":0,"rx":0},"locator":{"px":0.0659612922,"py":1.614188963,"pz":0.7220217002,"ry":0.2524807297,"rx":6.1548435295}}}
# Data Manager: Write
function animated_java:global/data_manager/write with storage animated_java:temp args