# This file was generated by Animated Java via MC-Build. It is not recommended to edit this file directly.
$data merge entity $(bone2) {transformation: [-0.9993f,0.0381f,0.0036f,0.0664f,0.0383f,0.9949f,0.0929f,1.7332f,0f,0.0929f,-0.9957f,0.2174f,0f,0f,0f,1f],start_interpolation: 0,interpolation_duration: 1}
$data merge entity $(bone3) {transformation: [-0.9993f,0.0381f,0.0036f,0.0593f,0.0383f,0.9949f,0.0929f,1.5466f,0f,0.0929f,-0.9957f,0.2f,0f,0f,0f,1f],start_interpolation: 0,interpolation_duration: 1}
$data merge entity $(bone1) {transformation: [-0.9993f,0.0381f,0.0036f,0.0597f,0.0383f,0.9949f,0.0929f,1.5587f,0f,0.0929f,-0.9957f,0.0704f,0f,0f,0f,1f],start_interpolation: 0,interpolation_duration: 1}
$data merge entity $(bone) {transformation: [-0.9993f,0.0381f,0.0036f,0.0407f,0.0383f,0.9949f,0.0929f,1.0608f,0f,0.0929f,-0.9957f,0.0291f,0f,0f,0f,1f],start_interpolation: 0,interpolation_duration: 1}
$data merge entity $(bone4) {transformation: [-0.9993f,0.0382f,0.0025f,0.0239f,0.0383f,0.9971f,0.0664f,0.6245f,0f,0.0664f,-0.9978f,0f,0f,0f,0f,1f],start_interpolation: 0,interpolation_duration: 1}
$data merge entity $(root) {transformation: [-0.9993f,0.0383f,0f,0f,0.0383f,0.9993f,0f,0f,0f,0f,-1f,0f,0f,0f,0f,1f],start_interpolation: 0,interpolation_duration: 1}
data modify storage animated_java:temp entry.data merge value {"cameras":{},"locators":{"entity_hitbox":{"px":0,"py":0,"pz":0,"ry":0,"rx":0},"locator":{"px":0.0622623381,"py":1.6245457349,"pz":0.7094496377,"ry":0.2048321757,"rx":5.3290392003}}}
# Data Manager: Write
function animated_java:global/data_manager/write with storage animated_java:temp args