# This file was generated by Animated Java via MC-Build. It is not recommended to edit this file directly.
$data merge entity $(bone2) {transformation: [-0.9994f,-0.036f,-0.0015f,-0.0628f,-0.036f,0.9985f,0.0421f,1.7428f,0f,0.0421f,-0.9991f,0.167f,0f,0f,0f,1f],start_interpolation: 0,interpolation_duration: 1}
$data merge entity $(bone3) {transformation: [-0.9994f,-0.036f,-0.0015f,-0.056f,-0.036f,0.9985f,0.0421f,1.5556f,0f,0.0421f,-0.9991f,0.1591f,0f,0f,0f,1f],start_interpolation: 0,interpolation_duration: 1}
$data merge entity $(bone1) {transformation: [-0.9994f,-0.036f,-0.0015f,-0.0562f,-0.036f,0.9985f,0.0421f,1.5611f,0f,0.0421f,-0.9991f,0.029f,0f,0f,0f,1f],start_interpolation: 0,interpolation_duration: 1}
$data merge entity $(bone) {transformation: [-0.9994f,-0.036f,-0.0015f,-0.0382f,-0.036f,0.9985f,0.0421f,1.0616f,0f,0.0421f,-0.9991f,0.0132f,0f,0f,0f,1f],start_interpolation: 0,interpolation_duration: 1}
$data merge entity $(bone4) {transformation: [-0.9994f,-0.036f,-0.0011f,-0.0225f,-0.036f,0.9989f,0.0301f,0.6246f,0f,0.0301f,-0.9995f,0f,0f,0f,0f,1f],start_interpolation: 0,interpolation_duration: 1}
$data merge entity $(root) {transformation: [-0.9994f,-0.036f,0f,0f,-0.036f,0.9994f,0f,0f,0f,0f,-1f,0f,0f,0f,0f,1f],start_interpolation: 0,interpolation_duration: 1}
data modify storage animated_java:temp entry.data merge value {"cameras":{},"locators":{"entity_hitbox":{"px":0,"py":0,"pz":0,"ry":0,"rx":0},"locator":{"px":-0.0597671805,"py":1.6593497908,"pz":0.663929852,"ry":359.9130671459,"rx":2.4121386182}}}
# Data Manager: Write
function animated_java:global/data_manager/write with storage animated_java:temp args