# This file was generated by Animated Java via MC-Build. It is not recommended to edit this file directly.
$data merge entity $(bone2) {transformation: [-0.9991f,-0.0422f,-0.0023f,-0.0736f,-0.0422f,0.9977f,0.0535f,1.7404f,0f,0.0535f,-0.9986f,0.1784f,0f,0f,0f,1f],start_interpolation: 0,interpolation_duration: 1}
$data merge entity $(bone3) {transformation: [-0.9991f,-0.0422f,-0.0023f,-0.0656f,-0.0422f,0.9977f,0.0535f,1.5534f,0f,0.0535f,-0.9986f,0.1683f,0f,0f,0f,1f],start_interpolation: 0,interpolation_duration: 1}
$data merge entity $(bone1) {transformation: [-0.9991f,-0.0422f,-0.0023f,-0.0659f,-0.0422f,0.9977f,0.0535f,1.5603f,0f,0.0535f,-0.9986f,0.0383f,0f,0f,0f,1f],start_interpolation: 0,interpolation_duration: 1}
$data merge entity $(bone) {transformation: [-0.9991f,-0.0422f,-0.0023f,-0.0448f,-0.0422f,0.9977f,0.0535f,1.0612f,0f,0.0535f,-0.9986f,0.0167f,0f,0f,0f,1f],start_interpolation: 0,interpolation_duration: 1}
$data merge entity $(bone4) {transformation: [-0.9991f,-0.0422f,-0.0016f,-0.0264f,-0.0422f,0.9984f,0.0382f,0.6244f,0f,0.0383f,-0.9993f,0f,0f,0f,0f,1f],start_interpolation: 0,interpolation_duration: 1}
$data merge entity $(root) {transformation: [-0.9991f,-0.0422f,0f,0f,-0.0422f,0.9991f,0f,0f,0f,0f,-1f,0f,0f,0f,0f,1f],start_interpolation: 0,interpolation_duration: 1}
data modify storage animated_java:temp entry.data merge value {"cameras":{},"locators":{"entity_hitbox":{"px":0,"py":0,"pz":0,"ry":0,"rx":0},"locator":{"px":-0.0697891181,"py":1.6513404322,"pz":0.6743098423,"ry":359.8702627671,"rx":3.0668893674}}}
# Data Manager: Write
function animated_java:global/data_manager/write with storage animated_java:temp args