# This file was generated by Animated Java via MC-Build. It is not recommended to edit this file directly.
$data merge entity $(bone2) {transformation: [-0.9988f,-0.0483f,-0.0032f,-0.0843f,-0.0484f,0.9967f,0.0658f,1.7377f,0f,0.0659f,-0.9978f,0.1907f,0f,0f,0f,1f],start_interpolation: 0,interpolation_duration: 1}
$data merge entity $(bone3) {transformation: [-0.9988f,-0.0483f,-0.0032f,-0.0752f,-0.0484f,0.9967f,0.0658f,1.5509f,0f,0.0659f,-0.9978f,0.1783f,0f,0f,0f,1f],start_interpolation: 0,interpolation_duration: 1}
$data merge entity $(bone1) {transformation: [-0.9988f,-0.0483f,-0.0032f,-0.0756f,-0.0484f,0.9967f,0.0658f,1.5594f,0f,0.0659f,-0.9978f,0.0484f,0f,0f,0f,1f],start_interpolation: 0,interpolation_duration: 1}
$data merge entity $(bone) {transformation: [-0.9988f,-0.0483f,-0.0032f,-0.0514f,-0.0484f,0.9967f,0.0658f,1.0608f,0f,0.0659f,-0.9978f,0.0206f,0f,0f,0f,1f],start_interpolation: 0,interpolation_duration: 1}
$data merge entity $(bone4) {transformation: [-0.9988f,-0.0484f,-0.0023f,-0.0303f,-0.0484f,0.9977f,0.0471f,0.6243f,0f,0.0471f,-0.9989f,0f,0f,0f,0f,1f],start_interpolation: 0,interpolation_duration: 1}
$data merge entity $(root) {transformation: [-0.9988f,-0.0484f,0f,0f,-0.0484f,0.9988f,0f,0f,0f,0f,-1f,0f,0f,0f,0f,1f],start_interpolation: 0,interpolation_duration: 1}
data modify storage animated_java:temp entry.data merge value {"cameras":{},"locators":{"entity_hitbox":{"px":0,"py":0,"pz":0,"ry":0,"rx":0},"locator":{"px":-0.0796412581,"py":1.6425215029,"pz":0.6854529093,"ry":359.8166680409,"rx":3.7755579794}}}
# Data Manager: Write
function animated_java:global/data_manager/write with storage animated_java:temp args